0.88521541 0.88520711 0.91185467 0.9118251  0.91223749 0.91220102
  0.9197552 
 0.89043369 0.89040431 0.9164813  0.91643775 0.91669932 0.91665905
  0.92619181
 0.8940897  0.8941541  0.91961706 0.91962019 0.91991384 0.91991331
  0.92404736
 0.8864296  0.88638793 0.91501368 0.91498123 0.91550799 0.91548166
  0.92377719
 0.88958445 0.88970811 0.91255062 0.91253589 0.91251077 0.91251449
  0.92273319
 0.88888006 0.88879354 0.9120941  0.91208894 0.91207764 0.91208609
  0.92171035
 0.88129301 0.88118608 0.91524118 0.9152248  0.91514587 0.91512542
  0.92372204
 0.88980497 0.8896834  0.91512425 0.91509738 0.9151305  0.91511778
  0.92852055
 0.87882905 0.87862556 0.90748136 0.90745723 0.90791345 0.90789653
  0.91588081
 0.88076059 0.88091733 0.90855928 0.90856301 0.90907981 0.90909263
  0.92016945
 0.88192224 0.88207022 0.91468046 0.91467955 0.91484056 0.91484617
  0.92323886
 0.88800264 0.88802751 0.91611371 0.91609617 0.91644341 0.91643902
  0.92452215
 0.87827824 0.87846185 0.91434224 0.91434164 0.91346295 0.91346757
  0.92186359
 0.88771767 0.88794982 0.91411423 0.91412528 0.91419675 0.91420329
  0.92168517
 0.87917303 0.87914019 0.90914019 0.90913392 0.91017353 0.91015946
  0.91870479
 0.88303898 0.88321613 0.91412695 0.91411738 0.91472214 0.91471986
  0.92360092
 0.89111831 0.89085632 0.91737734 0.91735212 0.9171868  0.91715537
  0.92840031
 0.88757971 0.88770008 0.91888258 0.91889694 0.91868257 0.91869434
  0.9271326 
 0.8782714  0.87856694 0.9098101  0.90980767 0.90907575 0.90909
  0.92115398
 0.87714369 0.87722821 0.90998388 0.90997602 0.90885414 0.90884773
  0.92163914
 0.8852761  0.88550402 0.91860749 0.91862395 0.91800633 0.91803702
  0.92460851
 0.87768405 0.87748584 0.908735   0.90871812 0.90821989 0.90820742
  0.92290393
 0.88229728 0.88244687 0.91265179 0.91265194 0.91250473 0.91252491
  0.9208548 
 0.88865633 0.88870234 0.91437728 0.91435779 0.9146937  0.91467481
  0.92371549
 0.8820094  0.8819473  0.90900366 0.90899711 0.9091608  0.90915584
  0.91878412
 0.89022202 0.89029047 0.9158858  0.9158974  0.91611652 0.91613092
  0.9260583 
 0.89028667 0.89032165 0.91456294 0.91457118 0.91507374 0.91508228
  0.92434876
 0.88353362 0.88344388 0.91260266 0.91258762 0.91324759 0.91323454
  0.92263162
 0.88507693 0.88511933 0.91388742 0.91388054 0.91498742 0.91499332
  0.92328874
 0.88659651 0.88689937 0.91598668 0.91598524 0.91594548 0.91594936
  0.92739985
 0.88330745 0.88323439 0.91337753 0.9133288  0.91292016 0.91288592
  0.92124273
 0.88625489 0.88630613 0.91559752 0.91560878 0.91492587 0.91494848
  0.92478329
 0.88873008 0.88862145 0.91516897 0.91515064 0.91523181 0.91522177
  0.92244342
 0.88383995 0.88396316 0.91228723 0.91228685 0.91320497 0.91320474
  0.92106364
 0.88945915 0.88946195 0.92115993 0.9211399  0.92178389 0.92176945
  0.92600067
 0.88132165 0.88111905 0.91121709 0.91121679 0.91143923 0.91143622
  0.91675137
 0.88612967 0.88599694 0.91462035 0.91459703 0.91384367 0.91381716
  0.92288306
 0.88941582 0.88932152 0.91965241 0.91965506 0.91901035 0.91901277
  0.92655036
 0.89052446 0.89059477 0.91275908 0.91273301 0.91423016 0.91420304
  0.91953737
 0.88761383 0.88769144 0.91909519 0.91906106 0.91899332 0.91895851
  0.92643631
 0.88958785 0.88967587 0.9186838  0.91868327 0.91781488 0.91780468
  0.92912507
 0.88417516 0.88434117 0.91750874 0.91751205 0.91685777 0.91687622
  0.92540045
 0.88599906 0.88618036 0.91436921 0.91437102 0.91404862 0.91407314
  0.92395166
 0.8838845  0.88403143 0.91374799 0.91372681 0.91377091 0.91377189
  0.92321254
 0.88596524 0.88625755 0.91549476 0.91548199 0.91548146 0.91547875
  0.92460359
 0.88629327 0.8861222  0.91364328 0.91360346 0.91368793 0.91366274
  0.9239235 
 0.88103478 0.88109078 0.91239925 0.91238875 0.9117765  0.91177231
  0.92209117
 0.88350117 0.8836585  0.91087983 0.91087044 0.91071399 0.91072345
  0.92336778
 0.88553973 0.88558559 0.91046805 0.91046576 0.91019289 0.91019473
  0.91940669
 0.88428883 0.88445532 0.91144428 0.91145126 0.9115679  0.91156798
  0.92031787