0.58060701 0.58032873 0.56076586 0.56067942 0.56167867 0.56150015
  0.5785035 
 0.59639071 0.5951368  0.58752679 0.58772102 0.58805098 0.58874989
  0.56585278
 0.58745684 0.58755681 0.56495007 0.56500339 0.576738   0.5767333
  0.55988214
 0.59323768 0.59380323 0.57100653 0.57093887 0.57004736 0.56991682
  0.57195535
 0.58705408 0.58782611 0.58539623 0.58535277 0.57943888 0.57879249
  0.58489919
 0.57656997 0.57690942 0.54353316 0.55021845 0.54305672 0.54306235
  0.52673596
 0.57883523 0.58038348 0.56105386 0.56149295 0.55975231 0.56004898
  0.58715876
 0.59698451 0.6018279  0.56579194 0.56670032 0.57565867 0.57547871
  0.58290076
 0.5946629  0.59517536 0.56903714 0.56905201 0.56096308 0.56097247
  0.58108956
 0.57507508 0.5755868  0.55252201 0.5527585  0.55297383 0.55312418
  0.56941165
 0.58375668 0.58376852 0.56722892 0.56728576 0.56217637 0.56221663
  0.55981746
 0.57405972 0.57354966 0.551828   0.55188384 0.54793176 0.5479852
  0.57536737
 0.58875235 0.58888802 0.58766077 0.58764907 0.5841708  0.58403046
  0.56510154
 0.57420694 0.57440306 0.57198464 0.57720269 0.57388283 0.57325745
  0.55497814
 0.58015203 0.58057863 0.56465489 0.56454384 0.56363434 0.56372271
  0.55318013
 0.59043714 0.590523   0.56400329 0.5639782  0.56806328 0.56805779
  0.56391939
 0.5699109  0.56978175 0.54843294 0.54886421 0.54590713 0.54646285
  0.57295133
 0.56818599 0.56806367 0.55157868 0.5514297  0.55621732 0.55620556
  0.54213869
 0.56929192 0.5693446  0.55336837 0.55336208 0.55648012 0.55640307
  0.5443012 
 0.58829135 0.58789339 0.55567325 0.55465925 0.55272493 0.55246513
  0.56542829
 0.59165369 0.59208296 0.5639756  0.56377736 0.56603391 0.56562556
  0.54530279
 0.58848731 0.58852202 0.56329311 0.56320872 0.55687684 0.55689735
  0.58748327
 0.58048813 0.58391001 0.56440215 0.56421094 0.57325959 0.57362236
  0.56301916
 0.57252339 0.57206324 0.54187547 0.54186308 0.53458126 0.53467112
  0.55553042
 0.58768924 0.5898835  0.55359164 0.55362781 0.55240921 0.55231723
  0.54775259
 0.58505871 0.58293855 0.57076328 0.56965458 0.57351385 0.57336173
  0.5656087 
 0.57201738 0.57162038 0.55613801 0.55563686 0.55553871 0.55540305
  0.54508253
 0.58444405 0.58612806 0.57016565 0.56974564 0.57091454 0.57095971
  0.55846715
 0.59728043 0.59718745 0.57606363 0.57594889 0.57115974 0.5711455
  0.54677485
 0.57842091 0.57784093 0.54902858 0.54867479 0.5563023  0.55690421
  0.56045223
 0.57506242 0.57514794 0.55608962 0.55609601 0.56110076 0.56100565
  0.53848149
 0.60937539 0.61400893 0.5894109  0.59044161 0.59379575 0.59493595
  0.56404334
 0.59973682 0.60337651 0.56339969 0.56328951 0.56221491 0.5622056
  0.54126828
 0.58248186 0.58320088 0.5634946  0.56345557 0.57115789 0.57150608
  0.59261292
 0.6053179  0.60545433 0.56961381 0.56901555 0.56098652 0.56086499
  0.57165792
 0.58836811 0.5885285  0.56644001 0.56606892 0.57666445 0.57640265
  0.54565227
 0.58522465 0.5850045  0.57237706 0.57236443 0.57547582 0.57554211
  0.55133396
 0.59261838 0.59227694 0.57724363 0.57656311 0.57443552 0.57406605
  0.58339116
 0.58432791 0.59392399 0.56136899 0.56433332 0.57016306 0.57157638
  0.53265076
 0.59118243 0.59206374 0.55634304 0.55637049 0.55806408 0.55837472
  0.57256353
 0.58286069 0.5829748  0.56899794 0.56897258 0.57040141 0.57034277
  0.58627467
 0.58374691 0.58539411 0.5745872  0.57443158 0.57687412 0.57747653
  0.55434062
 0.56756808 0.5675775  0.54770502 0.54761394 0.54701018 0.54702745
  0.53048786
 0.57653889 0.57645997 0.56875459 0.56873037 0.56711061 0.56716687
  0.58077737
 0.58359037 0.58459659 0.5662172  0.56607468 0.55936471 0.55846655
  0.56710831
 0.57917684 0.57916783 0.56380419 0.56383005 0.56263955 0.5626858
  0.54619279
 0.58972985 0.59000154 0.58065246 0.58082805 0.56954113 0.56959333
  0.57479228
 0.5654535  0.56543436 0.53523833 0.53525161 0.54246595 0.54250031
  0.56902865
 0.56577559 0.56584766 0.54284403 0.5429149  0.55068366 0.55083258
  0.56211181
 0.57335416 0.57336781 0.55556698 0.55564406 0.56053913 0.56068367
  0.54430736