0.88777341 0.887912   0.95100485 0.95092426 0.94983075 0.94970376
  0.96350839
 0.90781945 0.90939808 0.95361585 0.95340965 0.95150936 0.95134452
  0.96901323
 0.89889465 0.89924077 0.94939868 0.94944982 0.94730323 0.94731571
  0.95835048
 0.90052626 0.90032584 0.93982208 0.93978888 0.93742315 0.93733708
  0.95514644
 0.9043067  0.9034896  0.95717439 0.95714213 0.95611348 0.95606508
  0.96242189
 0.89226031 0.89483226 0.94233058 0.94226826 0.94056462 0.94047296
  0.96150993
 0.90600064 0.9057619  0.95025697 0.95014659 0.9486509  0.948543
  0.96594317
 0.90200611 0.9033315  0.9492985  0.94926917 0.94852857 0.94848701
  0.96233853
 0.91709924 0.91724055 0.95303506 0.95322389 0.95172808 0.95182928
  0.9638229 
 0.89772478 0.89788649 0.9424193  0.94236393 0.94106462 0.94097276
  0.95971937
 0.89401314 0.89510617 0.93977929 0.93983675 0.93704732 0.93714146
  0.95156974
 0.88142547 0.8810118  0.93160919 0.93145876 0.92969804 0.92956981
  0.95594429
 0.90435113 0.90463382 0.95059215 0.95045641 0.9480131  0.94787238
  0.96506021
 0.90455869 0.90492868 0.94669857 0.94673551 0.94490953 0.94483811
  0.95602489
 0.91164961 0.91276597 0.95018974 0.95014361 0.94730504 0.94725767
  0.96026249
 0.91153645 0.91201704 0.94290975 0.94286421 0.94045817 0.9404754
  0.95656572
 0.88833514 0.88866011 0.94350414 0.94353357 0.94041263 0.94044328
  0.95863858
 0.90578131 0.90400144 0.94342504 0.94335717 0.94136613 0.94128317
  0.95931817
 0.89058479 0.89309437 0.94562109 0.94546929 0.94452116 0.94448199
  0.96129678
 0.90669783 0.90749064 0.9526021  0.95258248 0.95215082 0.9520846
  0.95744845
 0.90372505 0.90431442 0.95436846 0.95439702 0.95314375 0.95314251
  0.96261971
 0.90077876 0.90153803 0.95049701 0.95037489 0.94918078 0.94905495
  0.96180278
 0.90499029 0.90500312 0.94150552 0.94165333 0.93884973 0.93890715
  0.95803516
 0.89907648 0.89842052 0.94741731 0.94738097 0.94553073 0.94554674
  0.96683124
 0.88791791 0.88745027 0.95136435 0.95134232 0.95027116 0.95024912
  0.9629684 
 0.92670006 0.92918308 0.93970388 0.93974491 0.93866691 0.93866193
  0.95971721
 0.93603078 0.93547978 0.95022003 0.95021018 0.94684263 0.94677738
  0.97034097
 0.90430381 0.90347199 0.94662263 0.94664128 0.94514674 0.94524
  0.96330496
 0.92954158 0.93253566 0.95110546 0.95111546 0.94918695 0.94925573
  0.96369585
 0.8901025  0.88988028 0.94647289 0.94646619 0.94430238 0.9443377
  0.96182106
 0.90495988 0.9044728  0.9430932  0.94315605 0.94120398 0.94126557
  0.95984987
 0.91688123 0.9207166  0.94312291 0.94309487 0.94154293 0.94142467
  0.96171824
 0.90751957 0.90856192 0.94108088 0.94104308 0.9396161  0.93957952
  0.9625954 
 0.94328584 0.94481921 0.95458893 0.95454421 0.95377784 0.9536586
  0.96085655
 0.90152565 0.90177933 0.94337198 0.94331916 0.94202434 0.94204399
  0.95545961
 0.90745842 0.90649437 0.95015576 0.95020467 0.94822401 0.94827291
  0.96675421
 0.91340962 0.91318612 0.95322957 0.95313093 0.95149398 0.95148025
  0.96503658
 0.9155731  0.91660252 0.94810695 0.94797865 0.94753086 0.94738654
  0.96184904
 0.89129328 0.89057274 0.94065635 0.94066496 0.93830169 0.93832014
  0.95995229
 0.89642492 0.89726335 0.9434387  0.94345464 0.94207197 0.94203029
  0.96124117
 0.9129283  0.91375507 0.94029405 0.94024006 0.93846849 0.938358
  0.96382538
 0.89327008 0.89502725 0.94293252 0.94290428 0.94072102 0.94054542
  0.95787398
 0.91223629 0.91368507 0.9510499  0.95095126 0.94986992 0.94969853
  0.96384597
 0.89526814 0.89568707 0.95206736 0.95197929 0.9494376  0.94947185
  0.96661179
 0.9173925  0.91720667 0.94514482 0.9450658  0.94420765 0.94412121
  0.96344264
 0.90581612 0.90575153 0.94363549 0.94366282 0.94237973 0.9423611
  0.96062676
 0.9130093  0.91380468 0.94989751 0.94989254 0.94931928 0.94932176
  0.96424902
 0.90980003 0.90994141 0.94242193 0.94246162 0.9397654  0.93974556
  0.95445075
 0.89698232 0.89738787 0.94537195 0.94542411 0.94442795 0.94456458
  0.9628259 
 0.9128326  0.91239555 0.94094387 0.94098286 0.93923719 0.93913909
  0.96462619