0.89790534 0.89815444 0.98993999 0.98992867 0.99137228 0.99136096
  0.99530684
 0.96458799 0.96435272 0.99530659 0.99530659 0.99513386 0.99513386
  0.99728402
 0.9435158  0.94433824 0.98994009 0.98994553 0.99064815 0.99068083
  0.99655229
 0.96215481 0.96202069 0.9912359  0.9912729  0.99273435 0.9927436
  0.97401294
 0.96606106 0.96573777 0.98492817 0.98495549 0.99033764 0.99040138
  0.99378913
 0.96808575 0.9685176  0.98972095 0.98976615 0.99176973 0.99179484
  0.98087806
 0.95835219 0.95824036 0.99446048 0.99443968 0.99466334 0.99467894
  0.99648384
 0.9638639  0.96457264 0.99569415 0.9956893  0.99573299 0.99574755
  0.99724271
 0.92197426 0.92219084 0.99210502 0.99215122 0.99436898 0.99439208
  0.99019336
 0.94375105 0.9441027  0.99055782 0.99052108 0.99274122 0.99272548
  0.99087273
 0.98109615 0.9812612  0.99652811 0.99652221 0.99645148 0.99648095
  0.99768933
 0.94847194 0.94823466 0.99451671 0.99455673 0.99573458 0.99574602
  0.9750193 
 0.91341147 0.91379059 0.98358968 0.9835696  0.98703946 0.98706457
  0.96681781
 0.95555455 0.9557303  0.98977117 0.98975108 0.99251794 0.99248781
  0.98965065
 0.93229174 0.93204245 0.98740713 0.98744169 0.98815747 0.98819203
  0.96071085
 0.95925005 0.95923839 0.99338386 0.99336052 0.99305714 0.99302213
  0.98382721
 0.94942822 0.9493801  0.99298573 0.99294044 0.99590693 0.99587862
  0.98904552
 0.93867201 0.93827329 0.99253158 0.9925268  0.99296612 0.9929709
  0.99101784
 0.96668028 0.96639434 0.98831699 0.98825163 0.99083333 0.99080065
  0.97983115
 0.97651721 0.97727015 0.99472939 0.99478601 0.99693161 0.99693161
  0.99753736
 0.91497325 0.91447633 0.9863399  0.98634412 0.9907974  0.99072974
  0.98880548
 0.97156228 0.97103704 0.98921139 0.9891865  0.98966942 0.98966444
  0.98996814
 0.95682233 0.95682744 0.98966802 0.9896578  0.99056223 0.99055712
  0.97729723
 0.94656691 0.94717574 0.99174924 0.99175449 0.99265725 0.99267824
  0.96673455
 0.94854581 0.94881858 0.98791837 0.98789718 0.98887706 0.98885058
  0.96047649
 0.94935519 0.94974269 0.99467137 0.99468656 0.99403315 0.99405341
  0.99483345
 0.96015399 0.96007228 0.98961659 0.98961031 0.99252043 0.99255185
  0.98730358
 0.93996051 0.94056029 0.98826114 0.98825126 0.99079847 0.99079847
  0.99049735
 0.9616889  0.9616785  0.98932147 0.98930067 0.98928506 0.98926946
  0.97631271
 0.95494281 0.95526416 0.99270697 0.99275599 0.99317538 0.99324619
  0.99765251
 0.95590685 0.95602962 0.98813238 0.98800239 0.99084773 0.99086217
  0.95496562
 0.94070812 0.94049642 0.99196098 0.99197198 0.99382502 0.99382502
  0.99158158
 0.9447899  0.94490939 0.99089416 0.99090909 0.99361247 0.99361247
  0.97788509
 0.95130199 0.95157843 0.98899173 0.98897199 0.99136122 0.99135135
  0.96511909
 0.93639341 0.93647006 0.9955596  0.9955596  0.99601437 0.99599904
  0.99782323
 0.93976164 0.94000549 0.99682145 0.99681584 0.99701205 0.99701205
  0.99816687
 0.95590087 0.95544448 0.98830438 0.98832638 0.99022341 0.9902564
  0.99036637
 0.97069172 0.97099401 0.99252723 0.99257081 0.99474946 0.99477124
  0.9871841 
 0.94943358 0.9494949  0.99086882 0.99083816 0.99029141 0.99025053
  0.99005636
 0.95713508 0.9571841  0.98796841 0.98796841 0.98908497 0.98906318
  0.97801743
 0.95023582 0.95147749 0.99036806 0.99037828 0.99100167 0.99102211
  0.98966291
 0.95667733 0.95714026 0.99128761 0.99132922 0.99228109 0.9923279
  0.99245793
 0.94445269 0.94458191 0.99073478 0.99071829 0.99048185 0.99050934
  0.98857382
 0.96068811 0.96055918 0.9918917  0.9918917  0.99399279 0.99396891
  0.97890313
 0.94694743 0.94691594 0.99016942 0.99017992 0.99242631 0.99245255
  0.97161047
 0.95646998 0.95651397 0.99047635 0.99049284 0.99395699 0.99395699
  0.98192596
 0.94188235 0.94207734 0.98268242 0.98256206 0.98819015 0.98810831
  0.97291871
 0.97447985 0.97493192 0.99592593 0.99592593 0.99562092 0.99562636
  0.99711329
 0.96494886 0.96498041 0.99119413 0.99116015 0.99238831 0.99235433
  0.99101452
 0.9245336  0.92452083 0.98641819 0.98631089 0.98827816 0.98818618
  0.97731256