0.67692501 0.67699982 0.74156271 0.74150691 0.74317541 0.74313575
  0.7062358 
 0.68871241 0.68861089 0.74440393 0.74440313 0.74526388 0.74525829
  0.71550056
 0.68112291 0.68124198 0.73470929 0.73469198 0.73611565 0.73609214
  0.71081294
 0.67872519 0.67867573 0.73846452 0.73847198 0.73876001 0.73876373
  0.71020938
 0.68928572 0.6893144  0.74473142 0.74470354 0.74636729 0.74634813
  0.71437712
 0.68532386 0.685357   0.74277142 0.74280339 0.74452445 0.74454782
  0.70642188
 0.68316373 0.68321471 0.73517507 0.73517227 0.73503068 0.73501665
  0.70935607
 0.68442376 0.68431908 0.74539409 0.74538606 0.74678751 0.74678368
  0.72037785
 0.68346069 0.6834426  0.74025359 0.7402525  0.74093357 0.74091991
  0.71167817
 0.68452618 0.68461412 0.74461529 0.74462252 0.74662782 0.7466319
  0.71361386
 0.68234783 0.68228737 0.74616478 0.7461323  0.74577042 0.74573388
  0.7241903 
 0.6875959  0.68764835 0.74257836 0.74253603 0.74352041 0.74349002
  0.7201819 
 0.67532646 0.67524347 0.73280751 0.7327744  0.73496623 0.73493248
  0.709097  
 0.68204855 0.68210946 0.7431492  0.74308517 0.74548753 0.74544104
  0.71997008
 0.67868404 0.67871637 0.73957338 0.73956617 0.74036163 0.74035685
  0.72431616
 0.68311955 0.68310834 0.74837431 0.74838279 0.74903377 0.74903394
  0.70930392
 0.67626133 0.67628274 0.73532291 0.73533522 0.73618406 0.73619778
  0.70813341
 0.68263342 0.68264499 0.74353075 0.74352181 0.74473502 0.74472189
  0.71820252
 0.6799684  0.67998106 0.73489725 0.73487099 0.73658656 0.73658091
  0.71203455
 0.68312392 0.68309864 0.74125018 0.74121427 0.74307319 0.74304084
  0.71912555
 0.6755047  0.67558958 0.74323253 0.74323529 0.74523377 0.74523361
  0.71843456
 0.676182   0.67617354 0.73789999 0.73790345 0.73907906 0.73907786
  0.70781393
 0.68039481 0.68047893 0.73689394 0.73693565 0.73892492 0.73894754
  0.71070215
 0.6794355  0.67946806 0.73497419 0.7349544  0.73565451 0.73564778
  0.70926507
 0.67779398 0.67777287 0.73760114 0.7375451  0.73870776 0.73867046
  0.71488532
 0.67504359 0.67501901 0.74293492 0.74292888 0.74377546 0.74377225
  0.71248657
 0.68085626 0.68074987 0.74483243 0.74480214 0.74573889 0.74570526
  0.71684023
 0.68109179 0.68105981 0.74023644 0.74024976 0.74021742 0.74022972
  0.71590982
 0.70070296 0.70053053 0.74687655 0.74682279 0.74678423 0.74673367
  0.71597665
 0.68484918 0.68483349 0.74405969 0.74405047 0.74456743 0.74455833
  0.7200917 
 0.67989893 0.67983032 0.73335548 0.73337204 0.73434593 0.73436188
  0.70643629
 0.6824979  0.68246714 0.74379631 0.74378657 0.74539902 0.74538521
  0.71097344
 0.68190303 0.68192918 0.73283125 0.73282134 0.73343411 0.73340506
  0.71327461
 0.68648763 0.68655477 0.74334168 0.74335426 0.74585585 0.7458694
  0.71408129
 0.68316898 0.68320537 0.73739547 0.7373894  0.73924628 0.7392554
  0.7135897 
 0.68212642 0.68215467 0.73976528 0.73973573 0.74129133 0.74127344
  0.71226991
 0.69078496 0.69077374 0.74163197 0.7416404  0.74151999 0.7415351
  0.71776815
 0.6773898  0.67731643 0.73951397 0.73948497 0.74068623 0.74067542
  0.71003037
 0.68436073 0.68433747 0.74539131 0.74536542 0.74609318 0.74609065
  0.72082259
 0.68238263 0.68236451 0.73851011 0.73854157 0.73947691 0.73949832
  0.7182853 
 0.6800232  0.68004215 0.74044225 0.74042265 0.74134368 0.741324
  0.70697346
 0.68924835 0.68923555 0.73588529 0.73589855 0.73743532 0.73743178
  0.7170681 
 0.68018785 0.68017998 0.7314194  0.73146684 0.73301071 0.73304887
  0.71514637
 0.68188929 0.68192939 0.74112164 0.74111613 0.74262386 0.74261231
  0.71491915
 0.692051   0.69201412 0.74975939 0.74977121 0.75027966 0.75032492
  0.72049154
 0.68388526 0.68387556 0.73841867 0.73842242 0.74022576 0.74022987
  0.70460413
 0.68487776 0.68486916 0.739628   0.73962614 0.74036453 0.74034951
  0.71817761
 0.68518228 0.68512589 0.73829295 0.73827153 0.73929534 0.73928635
  0.71381436
 0.68418931 0.6841513  0.73844699 0.73842751 0.73882064 0.73880177
  0.71520734
 0.67575986 0.67575043 0.73499725 0.73493809 0.73567955 0.73563588
  0.71767106