0.72093023 0.72093023 0.99329063 0.99334777 0.99527564 0.99527882
  0.99548828
 0.74061433 0.74061433 0.9956232  0.99562293 0.99672293 0.99672211
  0.99604044
 0.6778169  0.6778169  0.99239368 0.99240521 0.99217002 0.99218353
  0.9905023 
 0.683391   0.683391   0.99486874 0.99489003 0.9953591  0.99535799
  0.99546309
 0.75844595 0.75844595 0.99499998 0.99501727 0.9961153  0.99609963
  0.99522963
 0.74386503 0.74386503 0.99040163 0.99040163 0.99318238 0.99319517
  0.98986653
 0.69968051 0.69968051 0.9968962  0.99689696 0.99747623 0.99747674
  0.99466998
 0.74221453 0.74221453 0.99453934 0.99453049 0.99510604 0.99511267
  0.99084653
 0.65047022 0.65047022 0.99197727 0.99197652 0.99264462 0.99264512
  0.9936641 
 0.65239726 0.65239726 0.99624377 0.99624268 0.99653044 0.99651018
  0.99411117
 0.69387755 0.69387755 0.99787531 0.99787694 0.99785763 0.99785763
  0.99605523
 0.76855124 0.76855124 0.9920693  0.99207128 0.99280131 0.99281655
  0.99070945
 0.68006993 0.68006993 0.99539341 0.99541045 0.99619866 0.9962009
  0.99567645
 0.68213058 0.68213058 0.99181208 0.99181181 0.99343923 0.99342576
  0.99332384
 0.7559727  0.7559727  0.99579103 0.99575692 0.99658539 0.99655592
  0.99830539
 0.7733564  0.7733564  0.99731752 0.99735485 0.99731226 0.99731226
  0.98401407
 0.67384106 0.67384106 0.99517406 0.99515128 0.9956907  0.99568858
  0.99772546
 0.66202091 0.66202091 0.99811541 0.99811541 0.99847545 0.99849188
  0.98508088
 0.68811881 0.68811881 0.99742697 0.99744784 0.99773305 0.99773305
  0.99550414
 0.6558642  0.6558642  0.99574937 0.99574887 0.99589112 0.99588815
  0.99519126
 0.68727915 0.68727915 0.99593373 0.99592018 0.99692828 0.99692856
  0.99693195
 0.6910828  0.6910828  0.99716064 0.99715911 0.99739632 0.9973953
  0.99775902
 0.72772277 0.72772277 0.993796   0.99379812 0.9956824  0.99568451
  0.97894359
 0.70508475 0.70508475 0.99436266 0.99436429 0.99648439 0.99648412
  0.99557763
 0.67627119 0.67627119 0.99157842 0.99156324 0.99105199 0.99105253
  0.99281155
 0.72151899 0.72151899 0.99195553 0.99195299 0.99369497 0.99371018
  0.99266301
 0.72053872 0.72053872 0.99608713 0.99609871 0.9969478  0.9969338
  0.99542144
 0.63064516 0.63064516 0.99293267 0.99292027 0.99446706 0.99447016
  0.98610708
 0.69649123 0.69649123 0.99504034 0.99502155 0.99677524 0.996773
  0.99797464
 0.67534722 0.67534722 0.99471396 0.99470314 0.99655386 0.99654332
  0.99528897
 0.76363636 0.76363636 0.99812506 0.99812448 0.99805393 0.99804551
  0.99610379
 0.69875776 0.69875776 0.99271936 0.99273056 0.99459297 0.99459396
  0.99346776
 0.70609319 0.70609319 0.99567322 0.99568267 0.99684716 0.99684888
  0.99803456
 0.67010309 0.67010309 0.99097255 0.9909731  0.99406448 0.99406338
  0.99468314
 0.80936455 0.80936455 0.99197522 0.99197576 0.99216946 0.99216491
  0.9929734 
 0.75337838 0.75337838 0.99576919 0.99575487 0.99624336 0.9962485
  0.99583863
 0.69937695 0.69937695 0.99594184 0.99589741 0.99609862 0.99611609
  0.99380792
 0.6570997  0.6570997  0.99206588 0.99208042 0.99203317 0.99199077
  0.99292069
 0.61129032 0.61129032 0.99342313 0.9934443  0.99583848 0.99584106
  0.99413156
 0.65194346 0.65194346 0.99730063 0.99728623 0.99726647 0.99726647
  0.98191463
 0.74305556 0.74305556 0.99738529 0.99738668 0.99753403 0.99753403
  0.97946804
 0.66166667 0.66166667 0.99486827 0.99486747 0.99605013 0.9960512
  0.99773867
 0.72516556 0.72516556 0.99742316 0.99742316 0.99720035 0.99720141
  0.99537091
 0.703125   0.703125   0.99800358 0.99800386 0.99834409 0.99834437
  0.99814789
 0.7073955  0.7073955  0.99542491 0.99537651 0.99606419 0.99606033
  0.99766225
 0.69117647 0.69117647 0.99616154 0.99615567 0.99695153 0.99695418
  0.99500765
 0.61423841 0.61423841 0.99246979 0.99249734 0.99433366 0.99433419
  0.99351817
 0.69318182 0.69318182 0.99723927 0.99724031 0.99682134 0.99682134
  0.98053404
 0.77222222 0.77222222 0.99686382 0.99688008 0.99797937 0.99791404
  0.99569271
 0.66831683 0.66831683 0.99392409 0.99392224 0.99518512 0.99518353
  0.99187396