0.99245895 0.9924902  0.99629979 0.99630604 0.99608103 0.99608103
  0.99748736
 0.99333021 0.99343647 0.99578059 0.99578684 0.99566807 0.99566807
  0.99800594
 0.99480832 0.99498983 0.99670161 0.99672039 0.99685808 0.99688312
  0.99695822
 0.99309211 0.99318609 0.99566416 0.99564536 0.99530702 0.99529449
  0.99730576
 0.99685295 0.99671857 0.9981874  0.9981874  0.99816865 0.99813114
  0.99884994
 0.99655623 0.9965281  0.99737498 0.99739373 0.99755623 0.99756248
  0.99641873
 0.9964114  0.9961582  0.99687404 0.99686154 0.99697407 0.99696782
  0.99856206
 0.99268989 0.99254613 0.99647465 0.99646215 0.99658716 0.99661216
  0.99834358
 0.99657352 0.99662676 0.99782635 0.99782635 0.99766348 0.99765095
  0.99967427
 0.99064415 0.99062539 0.99522827 0.99524078 0.99515322 0.99515322
  0.99757348
 0.99274063 0.99260938 0.9966125  0.99661875 0.99671875 0.9967125
  0.999     
 0.99388993 0.99394622 0.99718574 0.9972045  0.99742339 0.99742339
  0.99929956
 0.99487107 0.99497734 0.99693702 0.99692452 0.99704954 0.99703704
  0.99854977
 0.99551648 0.99558839 0.99765506 0.99764256 0.99766132 0.99765506
  0.99856177
 0.99608906 0.9961297  0.99716136 0.99716762 0.99723639 0.99724265
  0.9990121 
 0.99177187 0.9917375  0.9956     0.99558125 0.99543125 0.9954375
  0.99800625
 0.99655235 0.99629292 0.99751819 0.99752444 0.99746193 0.99746818
  0.99905604
 0.9910578  0.9911673  0.99542565 0.99542565 0.99521914 0.99523166
  0.99905509
 0.99383611 0.99378298 0.99676177 0.99674302 0.99646796 0.9964492
  0.99698682
 0.99606129 0.99599877 0.99808691 0.99808066 0.99812443 0.99811817
  0.9985183 
 0.99327927 0.99337313 0.99745939 0.99744687 0.99740933 0.9974281
  0.99898626
 0.98736843 0.98735281 0.99521238 0.99519363 0.99534988 0.99535613
  0.99779994
 0.99497616 0.99507952 0.99695563 0.9969619  0.99742544 0.99744423
  0.99924204
 0.99817362 0.99796409 0.99861145 0.99861145 0.99854265 0.99854265
  0.9995997 
 0.99241207 0.99216206 0.99708109 0.99707484 0.99688107 0.99684982
  0.995556  
 0.99290114 0.99289488 0.99671349 0.99668219 0.99673853 0.99671975
  0.99939904
 0.99850934 0.99847496 0.99853121 0.99852496 0.99844996 0.99844996
  0.99783745
 0.99747148 0.99762463 0.99784966 0.99784341 0.99748711 0.99749336
  0.99910611
 0.99674412 0.99664081 0.99762696 0.99763949 0.99762696 0.99762696
  0.99874774
 0.99472069 0.9945644  0.99739941 0.99737441 0.99736191 0.99736191
  0.99882474
 0.99157788 0.99158413 0.99428521 0.9942602  0.99436024 0.99436024
  0.99846814
 0.99300155 0.9928984  0.9955615  0.99555525 0.99547398 0.99548023
  0.99651172
 0.99523821 0.99567281 0.99639192 0.99638567 0.99665456 0.99666706
  0.99924337
 0.99509316 0.99515258 0.99747934 0.9974856  0.99761069 0.99761695
  0.99934325
 0.99377565 0.99386635 0.99617781 0.99619658 0.99619658 0.99619658
  0.99841733
 0.99364359 0.99358421 0.99616865 0.9961749  0.99615615 0.9961624
  0.99890622
 0.9891098  0.98907535 0.99650461 0.99649835 0.99647329 0.99646076
  0.99533322
 0.99434089 0.99419081 0.99616056 0.99616681 0.99627311 0.99625435
  0.99849299
 0.99302078 0.9928145  0.99566807 0.99564307 0.99579309 0.99579309
  0.99739959
 0.99577992 0.99565791 0.99716576 0.99716576 0.99703437 0.99704062
  0.99703437
 0.99733411 0.99743724 0.99842484 0.99841859 0.99841859 0.99843109
  0.99887489
 0.99539355 0.99544056 0.99742415 0.99742415 0.99731134 0.99730507
  0.99838931
 0.99713096 0.9970122  0.99768102 0.99768102 0.99827483 0.99827483
  0.99904365
 0.99075481 0.99096109 0.99636818 0.99638068 0.99633068 0.99634943
  0.99704954
 0.99571832 0.99556831 0.99762476 0.99762476 0.9974935  0.99748725
  0.9989624 
 0.99314045 0.99335921 0.99651241 0.99650616 0.99636241 0.99637491
  0.99818745
 0.99252648 0.99247643 0.99660892 0.99658389 0.99692175 0.99692801
  0.99737848
 0.9950495  0.99492137 0.99734348 0.99731223 0.99693719 0.99691219
  0.99816857
 0.99735207 0.99725515 0.99693002 0.99693627 0.99688625 0.99688625
  0.99902461
 0.99775244 0.99784934 0.9973742  0.9973867  0.99760552 0.99761177
  0.99913724