0.66194158 0.66194158 0.66108247 0.66108247 0.66280069 0.66280069
  0.65979381
 0.645189   0.645189   0.645189   0.645189   0.64304124 0.64304124
  0.64561856
 0.65120275 0.65120275 0.6516323  0.6516323  0.65206186 0.65206186
  0.65292096
 0.66151203 0.66151203 0.66280069 0.66237113 0.65979381 0.65979381
  0.65506873
 0.65249141 0.65249141 0.65292096 0.65335052 0.65249141 0.65249141
  0.65292096
 0.6516323  0.6516323  0.6516323  0.6516323  0.6516323  0.6516323
  0.64948454
 0.64776632 0.64776632 0.64776632 0.64776632 0.64604811 0.64604811
  0.64905498
 0.64905498 0.64905498 0.64905498 0.64905498 0.64905498 0.64905498
  0.64862543
 0.64905498 0.64905498 0.64905498 0.64905498 0.64776632 0.64776632
  0.64991409
 0.64261168 0.64261168 0.64261168 0.64261168 0.64304124 0.64304124
  0.64390034
 0.65592784 0.65592784 0.65678694 0.65721649 0.65463918 0.65463918
  0.65549828
 0.66022337 0.66022337 0.65979381 0.66022337 0.6645189  0.6645189
  0.65592784
 0.64561856 0.64561856 0.6443299  0.6443299  0.64347079 0.64347079
  0.64604811
 0.64819588 0.64819588 0.64862543 0.64948454 0.64733677 0.64733677
  0.64862543
 0.64776632 0.64776632 0.64776632 0.64776632 0.64776632 0.64776632
  0.64948454
 0.6516323  0.6516323  0.65034364 0.6507732  0.64991409 0.64991409
  0.64905498
 0.63702749 0.63702749 0.63702749 0.63659794 0.63659794 0.63659794
  0.63616838
 0.64819588 0.64819588 0.64819588 0.64819588 0.64561856 0.64561856
  0.64390034
 0.6387457  0.6387457  0.63917526 0.63917526 0.63831615 0.63831615
  0.6378866 
 0.64561856 0.64561856 0.64604811 0.645189   0.64475945 0.64475945
  0.64218213
 0.65420962 0.65420962 0.65249141 0.65249141 0.6516323  0.6516323
  0.65034364
 0.65206186 0.65206186 0.65249141 0.65249141 0.65206186 0.65206186
  0.65206186
 0.65249141 0.65249141 0.65292096 0.65292096 0.6507732  0.6507732
  0.65292096
 0.62714777 0.62714777 0.62800687 0.62800687 0.62800687 0.62800687
  0.62843643
 0.64347079 0.64347079 0.64046392 0.64089347 0.64905498 0.64905498
  0.64862543
 0.64776632 0.64776632 0.64561856 0.64561856 0.64905498 0.64905498
  0.63917526
 0.65249141 0.65249141 0.65292096 0.65292096 0.65206186 0.65249141
  0.65206186
 0.65549828 0.65549828 0.65549828 0.65549828 0.65420962 0.65420962
  0.6580756 
 0.65979381 0.65979381 0.65893471 0.65893471 0.65764605 0.65764605
  0.65764605
 0.64390034 0.64390034 0.64390034 0.64390034 0.64390034 0.64390034
  0.63917526
 0.65764605 0.65764605 0.65764605 0.65764605 0.65635739 0.65592784
  0.65549828
 0.64347079 0.64347079 0.64475945 0.64475945 0.64390034 0.64390034
  0.64819588
 0.63702749 0.63702749 0.63702749 0.63702749 0.63530928 0.63530928
  0.63917526
 0.64304124 0.64304124 0.64261168 0.64304124 0.64046392 0.64046392
  0.64175258
 0.645189   0.645189   0.645189   0.645189   0.64475945 0.64475945
  0.64647766
 0.65292096 0.65292096 0.65292096 0.65292096 0.64991409 0.64991409
  0.6516323 
 0.65764605 0.65764605 0.65893471 0.65893471 0.65764605 0.65764605
  0.65635739
 0.65249141 0.65249141 0.6516323  0.65206186 0.6516323  0.6516323
  0.65292096
 0.64776632 0.64776632 0.64776632 0.64819588 0.64604811 0.64604811
  0.64991409
 0.64304124 0.64304124 0.64475945 0.6443299  0.64304124 0.64304124
  0.64261168
 0.6580756  0.6580756  0.65721649 0.65764605 0.65549828 0.65549828
  0.65506873
 0.66280069 0.66280069 0.66237113 0.66237113 0.66280069 0.66280069
  0.66280069
 0.63702749 0.63702749 0.63702749 0.63702749 0.63702749 0.63702749
  0.64046392
 0.63917526 0.63917526 0.64003436 0.63960481 0.63831615 0.63831615
  0.6443299 
 0.63831615 0.63831615 0.6387457  0.6387457  0.63702749 0.63702749
  0.6387457 
 0.64390034 0.64390034 0.64304124 0.64304124 0.64175258 0.64218213
  0.645189  
 0.65721649 0.65721649 0.6580756  0.6580756  0.65893471 0.65893471
  0.65292096
 0.64046392 0.64046392 0.64089347 0.64089347 0.63831615 0.6378866
  0.63745704
 0.645189   0.645189   0.64561856 0.645189   0.65420962 0.65420962
  0.64475945
 0.66237113 0.66237113 0.66237113 0.66280069 0.66280069 0.66237113
  0.65721649