0.97648437 0.97648437 0.97648437 0.97648437 0.97648437 0.97648437
  0.99132813
 0.97710937 0.97710937 0.97710937 0.97710937 0.97710937 0.97710937
  0.99257812
 0.9778125  0.9778125  0.9778125  0.9778125  0.9778125  0.9778125
  0.99140625
 0.97742187 0.97742187 0.97742187 0.97742187 0.97742187 0.97742187
  0.99179688
 0.976875   0.976875   0.976875   0.976875   0.976875   0.976875
  0.99148437
 0.97453125 0.97453125 0.97453125 0.97453125 0.97453125 0.97453125
  0.98984375
 0.97554688 0.97554688 0.97554688 0.97554688 0.97554688 0.97554688
  0.98890625
 0.97742187 0.97742187 0.97742187 0.97742187 0.97742187 0.97742187
  0.99234375
 0.97507813 0.97507813 0.97507813 0.97507813 0.97507813 0.97507813
  0.9896875 
 0.9771875  0.9771875  0.9771875  0.9771875  0.9771875  0.9771875
  0.990625  
 0.97703125 0.97703125 0.97703125 0.97703125 0.97703125 0.97703125
  0.99234375
 0.97789063 0.97789063 0.97789063 0.97789063 0.97789063 0.97789063
  0.9921875 
 0.97765625 0.97765625 0.97765625 0.97765625 0.97765625 0.97765625
  0.99117188
 0.97726563 0.97726563 0.97726563 0.97726563 0.97726563 0.97726563
  0.99140625
 0.97710937 0.97710937 0.97710937 0.97710937 0.97710937 0.97710937
  0.99164063
 0.97742187 0.97742187 0.97742187 0.97742187 0.97742187 0.97742187
  0.9921875 
 0.97640625 0.97640625 0.97640625 0.97640625 0.97640625 0.97640625
  0.9909375 
 0.97757812 0.97757812 0.97757812 0.97757812 0.97757812 0.97757812
  0.993125  
 0.97632812 0.97632812 0.97632812 0.97632812 0.97632812 0.97632812
  0.9909375 
 0.9746875  0.9746875  0.9746875  0.9746875  0.9746875  0.9746875
  0.98984375
 0.97789063 0.97789063 0.97789063 0.97789063 0.97789063 0.97789063
  0.99101562
 0.97546875 0.97546875 0.97546875 0.97546875 0.97546875 0.97546875
  0.99046875
 0.97632812 0.97632812 0.97632812 0.97632812 0.97632812 0.97632812
  0.9903125 
 0.97695312 0.97695312 0.97695312 0.97695312 0.97695312 0.97695312
  0.99070313
 0.97695312 0.97695312 0.97695312 0.97695312 0.97695312 0.97695312
  0.98929687
 0.9753125  0.9753125  0.9753125  0.9753125  0.9753125  0.9753125
  0.98921875
 0.97679688 0.97679688 0.97679688 0.97679688 0.97679688 0.97679688
  0.99132813
 0.97578125 0.97578125 0.97578125 0.97578125 0.97578125 0.97578125
  0.99117188
 0.97773438 0.97773438 0.97773438 0.97773438 0.97773438 0.97773438
  0.99226563
 0.9775     0.9775     0.9775     0.9775     0.9775     0.9775
  0.99101562
 0.97851562 0.97851562 0.97851562 0.97851562 0.97851562 0.97851562
  0.9934375 
 0.97484375 0.97484375 0.97484375 0.97484375 0.97484375 0.97484375
  0.98835938
 0.97820312 0.97820312 0.97820312 0.97820312 0.97820312 0.97820312
  0.99257812
 0.97726563 0.97726563 0.97726563 0.97726563 0.97726563 0.97726563
  0.99132813
 0.97664063 0.97664063 0.97664063 0.97664063 0.97664063 0.97664063
  0.99226563
 0.976875   0.976875   0.976875   0.976875   0.976875   0.976875
  0.99210937
 0.97492188 0.97492188 0.97492188 0.97492188 0.97492188 0.97492188
  0.98859375
 0.97414062 0.97414062 0.97414062 0.97414062 0.97414062 0.97414062
  0.98789063
 0.97578125 0.97578125 0.97578125 0.97578125 0.97578125 0.97578125
  0.99046875
 0.97789063 0.97789063 0.97789063 0.97789063 0.97789063 0.97789063
  0.991875  
 0.9775     0.9775     0.9775     0.9775     0.9775     0.9775
  0.99078125
 0.9765625  0.9765625  0.9765625  0.9765625  0.9765625  0.9765625
  0.99132813
 0.97640625 0.97640625 0.97640625 0.97640625 0.97640625 0.97640625
  0.99015625
 0.9775     0.9775     0.9775     0.9775     0.9775     0.9775
  0.99140625
 0.97570313 0.97570313 0.97570313 0.97570313 0.97570313 0.97570313
  0.98960938
 0.97875    0.97875    0.97875    0.97875    0.97875    0.97875
  0.9921875 
 0.97640625 0.97640625 0.97640625 0.97640625 0.97640625 0.97640625
  0.99140625
 0.9759375  0.9759375  0.9759375  0.9759375  0.9759375  0.9759375
  0.9903125 
 0.97890625 0.97890625 0.97890625 0.97890625 0.97890625 0.97890625
  0.99257812
 0.97632812 0.97632812 0.97632812 0.97632812 0.97632812 0.97632812
  0.99046875