0.81191667 0.81191667 0.81116667 0.81116667 0.811      0.811
  0.81575   
 0.8175     0.8175     0.81775    0.8175     0.8145     0.8145
  0.81808333
 0.81566667 0.81566667 0.81608333 0.81608333 0.81475    0.81475
  0.81916667
 0.81616667 0.81616667 0.81525    0.81541667 0.81625    0.81625
  0.82025   
 0.81841667 0.81841667 0.818      0.81791667 0.81533333 0.81533333
  0.82258333
 0.81458333 0.81458333 0.81525    0.815      0.81183333 0.81191667
  0.8195    
 0.81766667 0.81766667 0.81566667 0.81583333 0.814      0.81383333
  0.81791667
 0.81633333 0.81633333 0.81625    0.81625    0.8145     0.81441667
  0.81875   
 0.81391667 0.81391667 0.81458333 0.81458333 0.81491667 0.815
  0.81825   
 0.81016667 0.81016667 0.81208333 0.81208333 0.81033333 0.81025
  0.81691667
 0.81675    0.81675    0.81625    0.81625    0.81425    0.81416667
  0.82016667
 0.81641667 0.81641667 0.81575    0.81558333 0.81366667 0.81366667
  0.81966667
 0.8085     0.8085     0.80958333 0.80966667 0.80816667 0.80816667
  0.81308333
 0.81591667 0.81591667 0.81583333 0.81583333 0.81491667 0.81491667
  0.82183333
 0.81383333 0.81383333 0.81491667 0.815      0.81433333 0.81441667
  0.8185    
 0.81225    0.81225    0.81266667 0.81266667 0.81183333 0.81183333
  0.81641667
 0.81316667 0.81316667 0.81466667 0.8145     0.81191667 0.812
  0.81675   
 0.81508333 0.81508333 0.81566667 0.81558333 0.81458333 0.81458333
  0.81983333
 0.81341667 0.81341667 0.81508333 0.81516667 0.81275    0.81291667
  0.81875   
 0.81641667 0.81641667 0.81725    0.81716667 0.81408333 0.814
  0.82108333
 0.81358333 0.81358333 0.814      0.81391667 0.81233333 0.81233333
  0.81825   
 0.80891667 0.80891667 0.80866667 0.80858333 0.80758333 0.80741667
  0.8135    
 0.8115     0.8115     0.81208333 0.81208333 0.80916667 0.80916667
  0.81633333
 0.81575    0.81575    0.81516667 0.815      0.81266667 0.81258333
  0.819     
 0.81441667 0.81441667 0.81466667 0.81458333 0.81075    0.81066667
  0.81833333
 0.80983333 0.80983333 0.81116667 0.81125    0.809      0.80916667
  0.81491667
 0.8095     0.8095     0.80991667 0.80983333 0.807      0.80708333
  0.81416667
 0.81808333 0.81808333 0.81825    0.81825    0.814      0.81408333
  0.82091667
 0.81358333 0.81358333 0.81383333 0.81383333 0.81066667 0.81075
  0.81875   
 0.81283333 0.81283333 0.81375    0.81375    0.812      0.81208333
  0.81625   
 0.81241667 0.81241667 0.81266667 0.81258333 0.81108333 0.811
  0.81491667
 0.81458333 0.81458333 0.81408333 0.81416667 0.81225    0.81233333
  0.81858333
 0.81175    0.81175    0.81091667 0.81108333 0.80983333 0.80983333
  0.8155    
 0.81833333 0.81833333 0.81733333 0.81733333 0.81491667 0.81508333
  0.82183333
 0.8165     0.8165     0.81658333 0.8165     0.817      0.81691667
  0.8215    
 0.81358333 0.81358333 0.81308333 0.81308333 0.81108333 0.81108333
  0.81625   
 0.81958333 0.81958333 0.81958333 0.81958333 0.81733333 0.8175
  0.82258333
 0.81116667 0.81116667 0.81258333 0.8125     0.80908333 0.80908333
  0.81616667
 0.8135     0.8135     0.81316667 0.813      0.80991667 0.81
  0.81683333
 0.8175     0.8175     0.818      0.81791667 0.81575    0.81566667
  0.82083333
 0.814      0.814      0.81433333 0.81441667 0.81275    0.81266667
  0.81633333
 0.82108333 0.82108333 0.82041667 0.8205     0.81833333 0.81825
  0.82483333
 0.81183333 0.81183333 0.81233333 0.81233333 0.80975    0.80966667
  0.81541667
 0.81433333 0.81433333 0.81441667 0.81433333 0.813      0.81291667
  0.81841667
 0.81825    0.81825    0.81908333 0.81916667 0.81525    0.81525
  0.82133333
 0.8155     0.8155     0.8155     0.81541667 0.81308333 0.81308333
  0.819     
 0.81441667 0.81441667 0.815      0.81516667 0.81416667 0.81425
  0.81875   
 0.81258333 0.81258333 0.81341667 0.81341667 0.8115     0.81133333
  0.818     
 0.81866667 0.81866667 0.81891667 0.819      0.81775    0.81775
  0.82333333
 0.81366667 0.81366667 0.81425    0.81425    0.812      0.81208333
  0.81858333