AUC: [[0.         0.         0.         0.         0.         0.
  0.71692315]
 [0.         0.         0.         0.         0.         0.
  0.72707451]
 [0.         0.         0.         0.         0.         0.
  0.7177981 ]
 [0.         0.         0.         0.         0.         0.
  0.71534038]
 [0.         0.         0.         0.         0.         0.
  0.72155769]
 [0.         0.         0.         0.         0.         0.
  0.71557625]
 [0.         0.         0.         0.         0.         0.
  0.72176475]
 [0.         0.         0.         0.         0.         0.
  0.72836712]
 [0.         0.         0.         0.         0.         0.
  0.71502081]
 [0.         0.         0.         0.         0.         0.
  0.71990934]
 [0.         0.         0.         0.         0.         0.
  0.71643902]
 [0.         0.         0.         0.         0.         0.
  0.72513238]
 [0.         0.         0.         0.         0.         0.
  0.71696354]
 [0.         0.         0.         0.         0.         0.
  0.72380368]
 [0.         0.         0.         0.         0.         0.
  0.71872693]
 [0.         0.         0.         0.         0.         0.
  0.71695563]
 [0.         0.         0.         0.         0.         0.
  0.71652138]
 [0.         0.         0.         0.         0.         0.
  0.72819493]
 [0.         0.         0.         0.         0.         0.
  0.70838113]
 [0.         0.         0.         0.         0.         0.
  0.72519598]]
 [0.         0.         0.         0.         0.         0.
  0.71193282]
 [0.         0.         0.         0.         0.         0.
  0.71689569]
 [0.         0.         0.         0.         0.         0.
  0.7208072 ]
 [0.         0.         0.         0.         0.         0.
  0.70746126]
 [0.         0.         0.         0.         0.         0.
  0.72619779]
 [0.         0.         0.         0.         0.         0.
  0.72243046]
 [0.         0.         0.         0.         0.         0.
  0.72334416]
 [0.         0.         0.         0.         0.         0.
  0.7185959 ]
 [0.         0.         0.         0.         0.         0.
  0.7292247 ]
 [0.         0.         0.         0.         0.         0.
  0.72805454]
 [0.         0.         0.         0.         0.         0.
  0.71304994]
 [0.         0.         0.         0.         0.         0.
  0.71271436]
 [0.         0.         0.         0.         0.         0.
  0.7118933 ]
 [0.         0.         0.         0.         0.         0.
  0.72501437]
 [0.         0.         0.         0.         0.         0.
  0.70995321]
 [0.         0.         0.         0.         0.         0.
  0.71713756]
 [0.         0.         0.         0.         0.         0.
  0.72382782]
 [0.         0.         0.         0.         0.         0.
  0.72122762]
 [0.         0.         0.         0.         0.         0.
  0.71117077]
 [0.         0.         0.         0.         0.         0.
  0.72502838]
 [0.         0.         0.         0.         0.         0.
  0.7097233 ]
 [0.         0.         0.         0.         0.         0.
  0.71166887]
 [0.         0.         0.         0.         0.         0.
  0.72803625]
 [0.         0.         0.         0.         0.         0.
  0.71035145]
 [0.         0.         0.         0.         0.         0.
  0.73567132]
 [0.         0.         0.         0.         0.         0.
  0.71470728]
 [0.         0.         0.         0.         0.         0.
  0.72487389]
 [0.         0.         0.         0.         0.         0.
  0.72161879]
 [0.         0.         0.         0.         0.         0.
  0.72196453]]
[0.         0.         0.         0.         0.         0.
 0.72295447]