Accuracies: [[0.         0.         0.         0.         0.         0.
  0.81808333]
 [0.         0.         0.         0.         0.         0.
  0.82108333]
 [0.         0.         0.         0.         0.         0.
  0.8195    ]
 [0.         0.         0.         0.         0.         0.
  0.82058333]
 [0.         0.         0.         0.         0.         0.
  0.82308333]
 [0.         0.         0.         0.         0.         0.
  0.82125   ]
 [0.         0.         0.         0.         0.         0.
  0.819     ]
 [0.         0.         0.         0.         0.         0.
  0.81941667]
 [0.         0.         0.         0.         0.         0.
  0.82008333]
 [0.         0.         0.         0.         0.         0.
  0.81691667]
 [0.         0.         0.         0.         0.         0.
  0.82158333]
 [0.         0.         0.         0.         0.         0.
  0.82108333]
 [0.         0.         0.         0.         0.         0.
  0.81366667]
 [0.         0.         0.         0.         0.         0.
  0.82291667]
 [0.         0.         0.         0.         0.         0.
  0.82025   ]
 [0.         0.         0.         0.         0.         0.
  0.8185    ]
 [0.         0.         0.         0.         0.         0.
  0.81758333]
 [0.         0.         0.         0.         0.         0.
  0.8205    ]
 [0.         0.         0.         0.         0.         0.
  0.81958333]
 [0.         0.         0.         0.         0.         0.
  0.82141667]] 
 [0.         0.         0.         0.         0.         0.
  0.81758333]
 [0.         0.         0.         0.         0.         0.
  0.81475   ]
 [0.         0.         0.         0.         0.         0.
  0.81616667]
 [0.         0.         0.         0.         0.         0.
  0.81791667]
 [0.         0.         0.         0.         0.         0.
  0.81833333]
 [0.         0.         0.         0.         0.         0.
  0.81566667]
 [0.         0.         0.         0.         0.         0.
  0.817     ]
 [0.         0.         0.         0.         0.         0.
  0.82191667]
 [0.         0.         0.         0.         0.         0.
  0.81933333]
 [0.         0.         0.         0.         0.         0.
  0.81816667]
 [0.         0.         0.         0.         0.         0.
  0.81375   ]
 [0.         0.         0.         0.         0.         0.
  0.81716667]
 [0.         0.         0.         0.         0.         0.
  0.8135    ]
 [0.         0.         0.         0.         0.         0.
  0.82166667]
 [0.         0.         0.         0.         0.         0.
  0.82066667]
 [0.         0.         0.         0.         0.         0.
  0.81575   ]
 [0.         0.         0.         0.         0.         0.
  0.82225   ]
 [0.         0.         0.         0.         0.         0.
  0.81633333]
 [0.         0.         0.         0.         0.         0.
  0.8165    ]
 [0.         0.         0.         0.         0.         0.
  0.82141667]
 [0.         0.         0.         0.         0.         0.
  0.81791667]
 [0.         0.         0.         0.         0.         0.
  0.82366667]
 [0.         0.         0.         0.         0.         0.
  0.81641667]
 [0.         0.         0.         0.         0.         0.
  0.81775   ]
 [0.         0.         0.         0.         0.         0.
  0.82325   ]
 [0.         0.         0.         0.         0.         0.
  0.81816667]
 [0.         0.         0.         0.         0.         0.
  0.82016667]
 [0.         0.         0.         0.         0.         0.
  0.819     ]
 [0.         0.         0.         0.         0.         0.
  0.82341667]]
 [0.         0.         0.         0.         0.         0.
 0.81833333]