0.97148343 0.9714724  0.79887587 0.79877673 0.98819042 0.98813194
  0.9582962 
 0.99527159 0.99535509 0.84826272 0.84822888 0.99545019 0.99538634
  0.98168916
 0.97337563 0.97347522 0.88559939 0.88578338 0.98274082 0.98276769
  0.9397799 
 0.98780243 0.98781653 0.80933236 0.80954725 0.99412724 0.9940646
  0.98025986
 0.98089625 0.98093961 0.82633746 0.82582763 0.98655363 0.98656984
  0.94974176
 0.98206269 0.98202789 0.89447425 0.89436949 0.98634755 0.9863976
  0.96159201
 0.98606602 0.98617297 0.86653493 0.86657997 0.99509842 0.99502665
  0.96985082
 0.9907041  0.99051713 0.83680908 0.83674048 0.99350288 0.99345019
  0.97608361
 0.98896555 0.98883343 0.89252228 0.89256322 0.99453489 0.99439487
  0.97027708
 0.98446884 0.98421969 0.72019743 0.72033488 0.98782847 0.98774907
  0.96542542
 0.99094203 0.99118532 0.80839836 0.80851015 0.99120422 0.99133151
  0.94100356
 0.99165728 0.99148649 0.89157784 0.89164334 0.99404781 0.99393165
  0.94831143
 0.98802041 0.98814726 0.84392054 0.84430138 0.99141884 0.99158118
  0.97033169
 0.98771125 0.98784944 0.91041145 0.91051034 0.99385803 0.99373977
  0.9611433 
 0.99420161 0.99426683 0.82388838 0.82428297 0.99426983 0.994336
  0.96136962
 0.98500185 0.98497793 0.84514748 0.84514112 0.98615115 0.98616041
  0.98044904
 0.98744289 0.9875086  0.82859244 0.82842871 0.99140008 0.99140803
  0.96262316
 0.98765785 0.98787867 0.76999419 0.77023171 0.99398507 0.99412722
  0.97869366
 0.98489538 0.98485432 0.82397914 0.82375704 0.99278071 0.99283181
  0.94932856
 0.96966484 0.96959038 0.79456557 0.79496337 0.99273803 0.99268744
  0.94493229
 0.99107334 0.99133489 0.93115314 0.93120621 0.98783224 0.98790098
  0.94698461
 0.9825787  0.98262194 0.89760047 0.89791956 0.99405245 0.99403765
  0.95556578
 0.98785583 0.98778228 0.84916142 0.84981108 0.99386982 0.99381964
  0.95027638
 0.96988012 0.96998787 0.87715368 0.8772529  0.99175096 0.99180179
  0.96278722
 0.97195996 0.97201567 0.92196965 0.92256358 0.99131927 0.99134285
  0.941114  
 0.98749944 0.98771871 0.87446108 0.87494778 0.99025563 0.99029974
  0.95182492
 0.98425146 0.98422735 0.84660543 0.84687069 0.98757026 0.98752501
  0.95058183
 0.9790679  0.97915287 0.89162427 0.89146879 0.98750019 0.98757458
  0.97272838
 0.98039111 0.98037555 0.79099663 0.79120746 0.99171535 0.99161287
  0.9623032 
 0.98472494 0.98463087 0.92903646 0.9290545  0.994268   0.99420334
  0.97332838
 0.99124137 0.99135518 0.86696512 0.866993   0.99487207 0.99493754
  0.94245865
 0.98026788 0.98038834 0.90749408 0.90730667 0.99074458 0.99076524
  0.95398012
 0.9803593  0.98046379 0.88501354 0.88505275 0.98265351 0.98258696
  0.95323355
 0.97085123 0.97098804 0.85129167 0.85143013 0.99167486 0.99180137
  0.94137554
 0.97684279 0.97668548 0.81934877 0.81934957 0.98576756 0.9856881
  0.97379153
 0.98446132 0.98458655 0.88044258 0.88056173 0.99352329 0.99353558
  0.97745965
 0.98452952 0.98437412 0.75444679 0.7545067  0.99359023 0.99343171
  0.9611412 
 0.98225533 0.98225291 0.92007514 0.92006084 0.99262522 0.99259238
  0.97577048
 0.98201645 0.98205003 0.88099228 0.8811444  0.99131718 0.99130169
  0.95350241
 0.9839273  0.98394452 0.80783138 0.80735796 0.98709854 0.98726213
  0.95653967
 0.98355273 0.98372757 0.84122298 0.84131928 0.98662118 0.9866703
  0.96620772
 0.99453987 0.9946612  0.8400904  0.84023867 0.994714   0.99476693
  0.9758376 
 0.98143213 0.98178411 0.83065317 0.83079014 0.99114812 0.99121184
  0.96102555
 0.98532145 0.98533061 0.76282214 0.76304525 0.99464334 0.99460476
  0.94909692
 0.98908287 0.98905056 0.91201672 0.91218536 0.99526503 0.99520118
  0.96823597
 0.97288676 0.97313488 0.7744382  0.77444231 0.9766592  0.97677247
  0.98461564
 0.97494698 0.97499494 0.91347914 0.91372341 0.99273712 0.99276666
  0.9420506 
 0.97893756 0.97910195 0.7971863  0.79731756 0.99397783 0.99401669
  0.96022311
 0.98812288 0.98810573 0.87218232 0.87210576 0.99491517 0.99491517
  0.96045934
 0.98514812 0.985174   0.87400593 0.87405321 0.99260179 0.9925771
  0.97805546