0.89725713 0.89724581 0.97748528 0.97750226 0.97558311 0.97560009
  0.97678329
 0.89594985 0.89594687 0.98331695 0.98331695 0.9827809  0.9827809
  0.9825367 
 0.89510076 0.89498366 0.97333878 0.97332789 0.98040305 0.9804085
  0.97892157
 0.89185008 0.89181539 0.98564908 0.98564445 0.9855427  0.98555658
  0.98522821
 0.93820322 0.93836259 0.98201853 0.98202309 0.98107142 0.98105776
  0.97996039
 0.93315858 0.93255098 0.98319298 0.98316787 0.98336371 0.98334865
  0.98143043
 0.91526878 0.91538842 0.97924631 0.97925151 0.97824764 0.97825804
  0.97815401
 0.91489036 0.915019   0.9761261  0.97611639 0.97467949 0.9746892
  0.97315521
 0.90437949 0.90455275 0.97447848 0.97449003 0.97505602 0.9750618
  0.9730404 
 0.93914805 0.93921891 0.97526873 0.97528447 0.97895847 0.97893748
  0.97450768
 0.96039152 0.96053299 0.98529897 0.98529897 0.98512803 0.98512803
  0.98437942
 0.86077075 0.86079076 0.98134881 0.98134309 0.97896452 0.97897596
  0.97979931
 0.88080927 0.88107792 0.96611982 0.96611982 0.96944909 0.9694742
  0.96487951
 0.90231894 0.90253235 0.97903014 0.97900504 0.97941178 0.97942182
  0.97777979
 0.9141207  0.91432556 0.97476984 0.97475997 0.974291   0.97428113
  0.97406886
 0.92223409 0.92251413 0.98692524 0.98692524 0.98714695 0.98716445
  0.98428812
 0.92069746 0.92085881 0.98061594 0.9806216  0.98004416 0.98006114
  0.98015172
 0.88863739 0.8887138  0.97321586 0.97319676 0.9706659  0.97067545
  0.97005468
 0.89845861 0.89855392 0.9798366  0.97984205 0.97851307 0.97851852
  0.97806645
 0.92192878 0.92200521 0.97900249 0.97900249 0.98267663 0.98268795
  0.98282948
 0.91332812 0.91357552 0.97751792 0.97751369 0.97840181 0.97840604
  0.97743334
 0.92470128 0.92486807 0.9763965  0.9763965  0.97740715 0.97739221
  0.97464403
 0.91888474 0.91894606 0.97617308 0.97614753 0.97664829 0.97664829
  0.97551392
 0.87380333 0.87362225 0.97254472 0.97254472 0.9702196  0.97019861
  0.97006739
 0.88374938 0.88379441 0.98204969 0.98204969 0.98163656 0.98163126
  0.98234101
 0.85813022 0.85790735 0.97810803 0.97810803 0.975854   0.97582867
  0.97746475
 0.93599309 0.93615651 0.96934632 0.96934004 0.97082338 0.97084852
  0.97014456
 0.87755152 0.87739109 0.97366408 0.9736542  0.97262249 0.97258299
  0.97235098
 0.91144574 0.91146394 0.98296533 0.98294973 0.98473902 0.98471821
  0.98347507
 0.88496187 0.88505991 0.97970044 0.97969499 0.97760349 0.97761438
  0.97763617
 0.91007809 0.91041269 0.97342423 0.97342423 0.97195101 0.97197508
  0.97193175
 0.92241687 0.92219418 0.97625685 0.97627335 0.97786246 0.97787895
  0.97415087
 0.90464503 0.90463756 0.98263467 0.98263467 0.98230608 0.98230111
  0.98228119
 0.89876342 0.89876836 0.97150191 0.97149698 0.96842651 0.96843638
  0.96875725
 0.89340225 0.89352233 0.97898857 0.97898346 0.97678114 0.97678625
  0.97594314
 0.90174232 0.90189368 0.97768285 0.9777333  0.97561987 0.97565912
  0.97576563
 0.89356824 0.89355174 0.97379896 0.97380996 0.97309513 0.97309513
  0.97221535
 0.9445915  0.94487745 0.97117647 0.97117647 0.97630719 0.97636166
  0.97425381
 0.88969254 0.88936807 0.97240717 0.97240206 0.97084868 0.97083846
  0.96810473
 0.90138072 0.90140523 0.98600218 0.98600218 0.98631808 0.98632353
  0.98601852
 0.92621728 0.92620706 0.97030705 0.97027639 0.97197795 0.97193196
  0.97160493
 0.94835765 0.94862552 0.96891108 0.96882786 0.97367559 0.97370159
  0.97127253
 0.89722208 0.89732106 0.97198441 0.97198441 0.9703733  0.9703678
  0.9703788 
 0.92318841 0.92344865 0.985555   0.98556455 0.98478619 0.98481007
  0.98516821
 0.9261001  0.92650949 0.97326902 0.97326377 0.96981021 0.9698522
  0.96731714
 0.94385609 0.94416676 0.98030386 0.98032035 0.97940208 0.97939658
  0.97782947
 0.93026749 0.93056839 0.9832746  0.9832746  0.98303387 0.98302906
  0.98180619
 0.94089325 0.94117102 0.98496732 0.98496732 0.98458606 0.98458061
  0.98394336
 0.93017442 0.93045355 0.96666003 0.96666003 0.97631056 0.97629115
  0.97511153
 0.93295708 0.93305928 0.97856446 0.9784316  0.9847473  0.98473708
  0.98421588