0.77228734 0.7721755  0.83739106 0.83737142 0.83738568 0.83737157
  0.83745877
 0.77042526 0.77043869 0.83502179 0.83502239 0.83497037 0.83497142
  0.83496154
 0.77635553 0.77634277 0.84168221 0.84168336 0.84174475 0.84174926
  0.84194536
 0.77427587 0.77433646 0.8397248  0.83971277 0.83978304 0.83977366
  0.83974341
 0.7819974  0.78211172 0.83836972 0.83834862 0.83881396 0.83879301
  0.83868241
 0.77178792 0.77185218 0.83985645 0.83984837 0.84014054 0.84013231
  0.83984291
 0.77247457 0.77250374 0.83728855 0.8372709  0.83758776 0.83757327
  0.83731066
 0.77867867 0.77883735 0.83903121 0.8390105  0.83953256 0.83950516
  0.83912408
 0.78249543 0.78260766 0.83832774 0.83831635 0.83860191 0.83859167
  0.83838435
 0.77806886 0.77809068 0.8400431  0.84005195 0.84006882 0.84006974
  0.84011102
 0.77499259 0.77506268 0.83788333 0.83787371 0.8381664  0.83816314
  0.83800827
 0.78482185 0.78493438 0.84226417 0.84225048 0.84252499 0.8425163
  0.84227868
 0.78256982 0.78257562 0.83991242 0.83990856 0.84009191 0.84008872
  0.84026358
 0.77803983 0.77793808 0.83978971 0.83979437 0.83982266 0.83983387
  0.83975473
 0.7719601  0.77198682 0.8356714  0.8356766  0.83557177 0.83557277
  0.83579574
 0.78209593 0.78212495 0.83891353 0.8389073  0.83935002 0.83934106
  0.8389386 
 0.78138882 0.78137359 0.84438489 0.84440019 0.84458088 0.84459194
  0.84437043
 0.78910476 0.78905941 0.84224421 0.84223798 0.8424424  0.84243435
  0.84234813
 0.7733379  0.77340882 0.8301314  0.8301104  0.83053227 0.83051681
  0.82985159
 0.77894425 0.77895876 0.83285126 0.83284164 0.83324181 0.83322051
  0.83288462
 0.77701484 0.77704892 0.83947723 0.83944935 0.83962628 0.83960747
  0.83952971
 0.77355208 0.77350756 0.82645452 0.8264527  0.82653709 0.8265377
  0.82655024
 0.77461468 0.77466377 0.83462043 0.83459551 0.83471486 0.83468835
  0.83473496
 0.77489531 0.77492964 0.83687977 0.83689161 0.83701715 0.83702193
  0.83695214
 0.77643005 0.77663306 0.83098412 0.83096644 0.83138108 0.83136553
  0.83121335
 0.77431622 0.77429648 0.83880461 0.83880984 0.83880157 0.83880173
  0.83893801
 0.78194063 0.78194339 0.84448162 0.8444743  0.84479289 0.84478874
  0.84456904
 0.77883088 0.77880622 0.83971166 0.83971128 0.83981442 0.83981655
  0.83958646
 0.78121931 0.78128686 0.8405636  0.84055906 0.84107978 0.84106654
  0.84054143
 0.78087056 0.78095266 0.84265166 0.84265212 0.84288451 0.84289158
  0.84255292
 0.78450615 0.78460202 0.83884288 0.8388523  0.83932113 0.83931635
  0.83874572
 0.78162258 0.78187075 0.83546783 0.83544461 0.83577321 0.83576429
  0.83561916
 0.78784971 0.78784424 0.8432154  0.84320696 0.84354905 0.84354235
  0.84340672
 0.77788955 0.77788234 0.84113183 0.84113441 0.84140001 0.84139842
  0.84111978
 0.78157685 0.78146987 0.84624801 0.84622534 0.8464987  0.84646235
  0.84640227
 0.76824686 0.76826971 0.83698223 0.83699752 0.83699255 0.8370128
  0.83701227
 0.77459827 0.77466112 0.83924279 0.83923192 0.83924362 0.83924613
  0.8393514 
 0.7812487  0.78134674 0.84390486 0.84390161 0.84397305 0.8439757
  0.84402035
 0.77254613 0.77249227 0.837084   0.83709009 0.83702992 0.83703788
  0.83699274
 0.77189066 0.77196229 0.83595748 0.83596028 0.83612102 0.83612427
  0.83623567
 0.77468762 0.77468237 0.8415268  0.84149258 0.84164107 0.84161803
  0.84167332
 0.77134927 0.77138311 0.83813574 0.83813739 0.83812464 0.83812809
  0.83841276
 0.78393582 0.78401428 0.8418975  0.84186883 0.84220624 0.84218512
  0.84186   
 0.7802218  0.78028469 0.83892309 0.83890584 0.8390361  0.8390131
  0.83907921
 0.77794268 0.77797187 0.83926664 0.8392646  0.83936783 0.83936874
  0.83929949
 0.77864642 0.77870898 0.8353072  0.83532379 0.83546497 0.83548442
  0.83532146
 0.77303358 0.77312473 0.83697108 0.8369551  0.83709243 0.83707379
  0.83701848
 0.77744273 0.77748667 0.83913327 0.83911624 0.83923651 0.83922213
  0.83945117
 0.77578121 0.77578515 0.83563396 0.83562808 0.83584588 0.83585077
  0.83573362
 0.77759994 0.77754253 0.83968807 0.83968481 0.84008147 0.84007471
  0.83978741