0.66472053 0.6647638  0.73027093 0.73025492 0.73205836 0.73202912
  0.72777313
 0.67584917 0.67583039 0.73148198 0.73144825 0.73300273 0.73297552
  0.72842802
 0.6686557  0.66874222 0.72420414 0.72418234 0.7253205  0.72528048
  0.72142862
 0.6681215  0.66806203 0.72340374 0.72339782 0.72489375 0.7248769
  0.72122359
 0.67365269 0.67362385 0.7273847  0.7273958  0.72814272 0.72816024
  0.72432951
 0.6737995  0.6738497  0.72944169 0.72944335 0.73067262 0.73068077
  0.72676834
 0.67090684 0.67096146 0.72414355 0.72410647 0.72569541 0.72563788
  0.72150053
 0.67044268 0.67038107 0.72298075 0.72298695 0.72487752 0.72488306
  0.72105184
 0.67192249 0.67196337 0.72289054 0.72288308 0.72348129 0.72348468
  0.72062001
 0.67500398 0.67493202 0.72739102 0.72737549 0.7289614  0.72895314
  0.72476624
 0.66871039 0.66881912 0.72619399 0.7261706  0.72755901 0.72755982
  0.72359516
 0.67203    0.67207836 0.7273782  0.72737385 0.72852857 0.72851538
  0.72495785
 0.6599624  0.66003299 0.72090076 0.72085261 0.72103006 0.72098875
  0.71710091
 0.6725147  0.67256245 0.72729615 0.727313   0.72861489 0.72863329
  0.7255745 
 0.66495581 0.66495866 0.72289542 0.72285402 0.72376902 0.72372191
  0.71962793
 0.66814449 0.66816451 0.72433247 0.72430595 0.72592765 0.72589894
  0.72264408
 0.66261193 0.66262214 0.72156341 0.7215551  0.72278396 0.7227689
  0.71921047
 0.66847368 0.6686514  0.73035566 0.73033663 0.73158704 0.73157525
  0.72679079
 0.67101564 0.67108365 0.71960371 0.71959598 0.72138303 0.72136478
  0.71585178
 0.66872422 0.66876164 0.72893087 0.72892348 0.73016391 0.7301589
  0.72557817
 0.66483463 0.66483159 0.72325788 0.72325699 0.7241347  0.7241396
  0.72077915
 0.66713325 0.66708547 0.7271756  0.72716795 0.72863011 0.72861988
  0.72479182
 0.67017698 0.67030037 0.72276928 0.72275715 0.7242595  0.7242394
  0.71975514
 0.66997185 0.66998671 0.71755074 0.7175423  0.71940317 0.71939047
  0.7160702 
 0.6702676  0.67024192 0.72345105 0.72344293 0.72484575 0.72484192
  0.72033916
 0.66690339 0.66695971 0.72266102 0.72266336 0.72409781 0.72410671
  0.72018108
 0.66844658 0.66846194 0.72464544 0.72463228 0.72630189 0.72628611
  0.72261512
 0.67381703 0.67391037 0.71959891 0.71957705 0.72072797 0.72069348
  0.71524899
 0.66954294 0.66953558 0.72644438 0.72641866 0.72781468 0.72778768
  0.72337539
 0.67102304 0.67111178 0.72729511 0.72727336 0.72858091 0.7285436
  0.72461792
 0.66595703 0.66594025 0.72684792 0.72682808 0.72642147 0.72639171
  0.72201898
 0.67322654 0.6733352  0.72415718 0.72414244 0.72570867 0.72569312
  0.72127393
 0.66520684 0.6652448  0.72443412 0.72439744 0.72562114 0.72558518
  0.72233454
 0.66760067 0.66759012 0.7369658  0.73694208 0.73864909 0.73862569
  0.73260562
 0.66565905 0.66565685 0.72529582 0.72529208 0.72590334 0.72589308
  0.72201407
 0.6684512  0.66847566 0.7250787  0.72506932 0.7261871  0.72617547
  0.72187159
 0.67791053 0.67790495 0.72848602 0.72850361 0.72951137 0.72952164
  0.72636361
 0.66790561 0.66781819 0.72696535 0.72696396 0.728998   0.72899123
  0.72525844
 0.67115427 0.67116597 0.71964167 0.71962292 0.72071164 0.72070126
  0.71749331
 0.66633939 0.66633981 0.72519757 0.72517625 0.7262741  0.7262589
  0.72366348
 0.66741615 0.66736846 0.72182911 0.72185966 0.72398063 0.72400411
  0.71951267
 0.67238991 0.67245696 0.72894262 0.72894698 0.72949552 0.72949659
  0.72610819
 0.67032825 0.67035907 0.71710918 0.71710256 0.71766196 0.71765546
  0.71301073
 0.66927816 0.66927465 0.72158408 0.72157825 0.72306341 0.72305538
  0.71900639
 0.66986583 0.66999826 0.73059434 0.73061737 0.73206332 0.73207481
  0.72865393
 0.66917246 0.66906456 0.72829729 0.72828167 0.72910912 0.72909543
  0.72609137
 0.67142122 0.67141719 0.72400692 0.72400982 0.72380845 0.72381929
  0.7212419 
 0.66379611 0.66381747 0.72671271 0.72670714 0.72717013 0.72715731
  0.72322293
 0.66753026 0.66751442 0.72974082 0.72972978 0.7300549  0.73005604
  0.72436532
 0.66426589 0.6644337  0.71836824 0.71836152 0.71920767 0.71919649
  0.71592217