0.8983467  0.89719133 0.49892637 0.49908293 0.90383109 0.90342642
  0.52668008
 0.89624379 0.89756777 0.49805568 0.49809403 0.90267516 0.90255747
  0.52858375
 0.89319304 0.89708461 0.52244006 0.52249378 0.90166519 0.90220724
  0.53695033
 0.88393015 0.88652272 0.52883642 0.52877871 0.89166683 0.89195837
  0.5221455 
 0.88747876 0.88797253 0.53036535 0.5304541  0.89348514 0.89339668
  0.51914038
 0.8985291  0.89817365 0.52650848 0.52649486 0.90236591 0.9016641
  0.52890053
 0.89431229 0.89661505 0.52298765 0.52282878 0.90156079 0.90159718
  0.54097334
 0.88690163 0.88819231 0.49509263 0.49476107 0.89373274 0.89341939
  0.51949519
 0.8977646  0.90086632 0.50103122 0.50092205 0.90373974 0.9038806
  0.5259504 
 0.88416819 0.88537799 0.49230743 0.49224782 0.89183901 0.89159639
  0.52034548
 0.87672136 0.8780651  0.51022194 0.51020994 0.88156555 0.88158429
  0.52411926
 0.89372408 0.89397916 0.50928915 0.50924574 0.89596359 0.89595426
  0.51605705
 0.88659655 0.88864541 0.50905616 0.50871204 0.89004863 0.89039706
  0.51532761
 0.87536135 0.87699819 0.47580573 0.47586871 0.88119948 0.88142584
  0.52587063
 0.89391322 0.89797995 0.50301433 0.50292446 0.90108188 0.90154432
  0.53477878
 0.89432304 0.89632326 0.5337086  0.53362323 0.90013243 0.9004134
  0.53413096
 0.89715561 0.89905075 0.51105362 0.51093163 0.90152728 0.90158679
  0.52859361
 0.88677141 0.88926211 0.47296182 0.47321497 0.89032815 0.89040989
  0.51092497
 0.89176365 0.89153204 0.50959157 0.50870265 0.8998831  0.89957956
  0.53833143
 0.90183177 0.90314567 0.49945856 0.49933257 0.90654947 0.90641206
  0.52213853
 0.89540158 0.89731948 0.50776254 0.50731713 0.90061478 0.9005823
  0.51018268
 0.88852811 0.88963645 0.5206785  0.52067678 0.89192601 0.89207522
  0.51233447
 0.89228025 0.89016404 0.51545381 0.51557939 0.90061727 0.90029742
  0.53585191
 0.90247669 0.90187686 0.49935848 0.49933817 0.91057287 0.91002174
  0.53115158
 0.9011427  0.89905738 0.49443075 0.49450884 0.90583136 0.90534166
  0.52918868
 0.89418035 0.89748948 0.51476082 0.51473421 0.90198258 0.90234794
  0.52765274
 0.89503173 0.89735186 0.52954689 0.53005124 0.9029976  0.90331458
  0.52420141
 0.89591785 0.89428269 0.50200257 0.50135667 0.90183753 0.90161186
  0.51850883
 0.88729595 0.89152976 0.49734507 0.49733505 0.89349566 0.8939226
  0.52060288
 0.9095212  0.91481028 0.50829891 0.5080532  0.91561103 0.91630994
  0.52681282
 0.89369293 0.89695932 0.51973647 0.52028629 0.90421455 0.90451352
  0.5249348 
 0.89166359 0.89239797 0.48536902 0.48514811 0.89565849 0.89566142
  0.51800826
 0.89217062 0.89137419 0.51127815 0.51070656 0.89980462 0.89953421
  0.52239003
 0.89999048 0.90347627 0.52107771 0.5215926  0.9065564  0.90692555
  0.53208574
 0.90587227 0.90823977 0.50517985 0.50535267 0.9100183  0.91041458
  0.52039231
 0.90379047 0.90568108 0.52282729 0.52237006 0.91066403 0.91083991
  0.52493058
 0.90552282 0.90683305 0.51945193 0.51924798 0.91284998 0.91242577
  0.53105021
 0.90076659 0.90084901 0.48768252 0.48750382 0.90622792 0.90581213
  0.51486649
 0.89658292 0.8990751  0.50438044 0.5041493  0.90360564 0.90366135
  0.54891713
 0.88714198 0.89062943 0.52678347 0.52688328 0.89398337 0.89410111
  0.50145747
 0.8924044  0.89127063 0.50922    0.50922263 0.90110341 0.90100315
  0.51842057
 0.90065734 0.89931316 0.49161057 0.4913699  0.90463638 0.90422015
  0.53217882
 0.89466887 0.89791005 0.50359645 0.50340956 0.89950474 0.89995107
  0.52328954
 0.88596676 0.88772433 0.52538992 0.52532689 0.89167612 0.89164243
  0.49154212
 0.89548249 0.89660964 0.51358726 0.51379621 0.9024167  0.90202304
  0.52582005
 0.88466849 0.88751574 0.52631563 0.52619829 0.89255431 0.89262412
  0.51124477
 0.89007913 0.88809369 0.51236727 0.51227508 0.89861922 0.89824595
  0.51705886
 0.89304955 0.89432793 0.52625225 0.52624324 0.90040751 0.90039279
  0.51147838
 0.90414759 0.9029651  0.5340708  0.53415528 0.90947509 0.90894308
  0.53415643
 0.89327725 0.89587836 0.52171272 0.52168646 0.90228928 0.90234329
  0.54965309