0.99265155 0.99280532 0.97950411 0.97951078 0.99435986 0.99437058
  0.97871119
 0.99203515 0.99200018 0.98030845 0.98030598 0.99366473 0.99364094
  0.97767018
 0.9911037  0.99115196 0.98246759 0.98247529 0.99294206 0.99292615
  0.9706984 
 0.99087194 0.99084883 0.98570706 0.98567794 0.99267402 0.99266301
  0.97094094
 0.99176892 0.99176239 0.9860049  0.9859946  0.99290117 0.99287789
  0.97778477
 0.99114328 0.991098   0.98289065 0.98289704 0.99288595 0.99285626
  0.97080835
 0.99242736 0.99246847 0.98657665 0.98660116 0.99384524 0.9938522
  0.97743167
 0.99231728 0.99231909 0.98740486 0.98734428 0.99347346 0.99344687
  0.97427391
 0.99233963 0.9923413  0.98825602 0.98830479 0.99316491 0.99315591
  0.98137623
 0.99300573 0.99303315 0.98966564 0.9896829  0.99425382 0.99426224
  0.97631021
 0.99376401 0.99375181 0.98771901 0.9876965  0.99435963 0.99433131
  0.98258667
 0.99291943 0.99276695 0.98435274 0.98424253 0.9938967  0.99387277
  0.9786942 
 0.99103654 0.99110402 0.99010039 0.99010271 0.99316363 0.99316537
  0.97528957
 0.98892531 0.98883922 0.9855437  0.9855453  0.99151309 0.99148409
  0.97315673
 0.99030919 0.99035961 0.98462175 0.98462552 0.99149527 0.99147554
  0.97210952
 0.99011561 0.99017975 0.98449456 0.98447059 0.99191104 0.99192238
  0.97605942
 0.99248114 0.99257769 0.98851257 0.98850124 0.99393092 0.99393622
  0.97850925
 0.99155301 0.9916221  0.9877438  0.9877219  0.99294102 0.99293711
  0.97441657
 0.99220215 0.99221511 0.98715299 0.98717892 0.99374636 0.99375592
  0.97912001
 0.99345672 0.99352329 0.98515144 0.98515884 0.99418533 0.99420508
  0.97521048
 0.99276809 0.99282137 0.98832161 0.98830247 0.9937817  0.99378439
  0.97732703
 0.99228177 0.99235152 0.98377851 0.98380084 0.99368561 0.99369619
  0.97758536
 0.99080485 0.99079428 0.98821194 0.98819108 0.99232543 0.99231586
  0.97438742
 0.99242705 0.99238842 0.98994675 0.98992022 0.99399637 0.99398738
  0.97836461
 0.99131088 0.99147931 0.98365107 0.98365078 0.99280335 0.99280712
  0.97683931
 0.99254402 0.99256955 0.99017009 0.99018416 0.99403066 0.99402355
  0.97993404
 0.9913754  0.99125884 0.98554367 0.9854924  0.99290131 0.99288345
  0.97579284
 0.99215955 0.99206604 0.9873926  0.98738506 0.99362129 0.99362289
  0.9788508 
 0.99139656 0.99126723 0.98627185 0.98625199 0.9927456  0.99270399
  0.97932789
 0.99096518 0.99106694 0.98326756 0.98328554 0.99252775 0.99253094
  0.97867705
 0.99205879 0.99215545 0.9862671  0.98628231 0.99366941 0.99365274
  0.9811201 
 0.9932605  0.99325898 0.98616086 0.98617478 0.99428255 0.99429125
  0.97541259
 0.99187799 0.99182626 0.9853235  0.98537422 0.99373482 0.99369548
  0.97989482
 0.99223767 0.99226831 0.98556733 0.98557631 0.993349   0.99335711
  0.98083723
 0.99335228 0.99327371 0.98858573 0.98859545 0.99434909 0.99432761
  0.98013286
 0.99145965 0.99147467 0.98203774 0.98209448 0.99279775 0.99278454
  0.97444238
 0.99151173 0.99164005 0.9854636  0.98548071 0.99274369 0.9927463
  0.97198995
 0.99104203 0.99111042 0.98024031 0.98022348 0.99262054 0.99263243
  0.97778916
 0.99171489 0.99172687 0.98624898 0.98622547 0.99328755 0.99329364
  0.97368965
 0.99157824 0.99154688 0.98360018 0.98359743 0.9931144  0.99308934
  0.97162944
 0.99178498 0.99175379 0.98698746 0.98698514 0.9931573  0.99313061
  0.97672871
 0.99154815 0.99159216 0.98472198 0.98470212 0.99346508 0.99347639
  0.97803017
 0.99067547 0.99092366 0.98704717 0.98705065 0.99187678 0.99190755
  0.97293353
 0.99106188 0.99114638 0.98509927 0.98508811 0.99281452 0.99281582
  0.97409298
 0.99349104 0.99351902 0.98754382 0.98747902 0.99443934 0.9944434
  0.97964933
 0.99205383 0.99216662 0.9866047  0.98660963 0.99342653 0.9934142
  0.977348  
 0.99160227 0.99159546 0.98671993 0.98669401 0.99282034 0.99279992
  0.9741779 
 0.99099877 0.99090974 0.98925619 0.9892662  0.99254059 0.99250664
  0.97826279
 0.99314305 0.99320259 0.98887878 0.98888096 0.99420674 0.99421589
  0.98007954
 0.99108336 0.99108068 0.9749643  0.97497009 0.99255976 0.99252689
  0.97781022