0.56369453 0.56368726 0.59970216 0.5996541  0.59636192 0.59631749
  0.59677026
 0.59064069 0.59105255 0.60644534 0.60704753 0.61051439 0.61136774
  0.61009161
 0.56180706 0.56042472 0.62137792 0.62018768 0.61336379 0.61206495
  0.62343026
 0.55626881 0.55572992 0.61583221 0.61622622 0.60975643 0.60838255
  0.61417416
 0.57335114 0.57420733 0.60227421 0.60243225 0.60065626 0.60074516
  0.60470606
 0.5537013  0.55439224 0.60475451 0.60558043 0.59984277 0.60016213
  0.6026648 
 0.57230153 0.57387771 0.60349734 0.60389236 0.59838715 0.59796144
  0.5969959 
 0.55913531 0.55744554 0.618435   0.6184167  0.61749157 0.61639505
  0.61894061
 0.57061753 0.5704857  0.60496985 0.6045595  0.60741515 0.60779734
  0.61302709
 0.55413275 0.55487743 0.60660739 0.60625854 0.60030147 0.5994918
  0.61084252
 0.56639604 0.56711761 0.60942601 0.60863102 0.60464621 0.60449385
  0.60889707
 0.55776728 0.56025338 0.60878174 0.6069389  0.60783101 0.60694409
  0.60585178
 0.580521   0.58304452 0.59569797 0.59603481 0.59772014 0.59788505
  0.60152432
 0.57225164 0.57148686 0.58694448 0.58656485 0.58486475 0.58449614
  0.59100196
 0.57181439 0.57297571 0.60826256 0.60793723 0.60816129 0.60905476
  0.60503042
 0.57308573 0.57535213 0.61004123 0.61075004 0.61034741 0.61069006
  0.61584032
 0.56090308 0.56053168 0.58925558 0.58808034 0.58650827 0.58613452
  0.58038747
 0.55666856 0.55601425 0.58723494 0.5881186  0.57997196 0.57879113
  0.58366892
 0.56115443 0.56089027 0.60274248 0.60163237 0.59966846 0.59846834
  0.59710665
 0.55246513 0.55348661 0.60033459 0.6002783  0.59914936 0.59858016
  0.59574009
 0.55135685 0.55039681 0.59854221 0.59827801 0.58812432 0.58734594
  0.59863501
 0.56913519 0.56886032 0.60199303 0.60138137 0.60019158 0.59885903
  0.6040094 
 0.56537163 0.56431127 0.59955886 0.59949355 0.60059246 0.60087496
  0.59975126
 0.54247118 0.54484397 0.59670754 0.59687564 0.58733723 0.58829317
  0.59273159
 0.55600015 0.55546475 0.59987877 0.59979818 0.59021095 0.59118426
  0.59066655
 0.56061094 0.55945716 0.5887196  0.58786495 0.58575812 0.58649398
  0.58626973
 0.56400627 0.56408887 0.60769151 0.60680573 0.60408735 0.60298212
  0.60295619
 0.56559862 0.5645375  0.59544597 0.59351471 0.59378494 0.59282526
  0.59093283
 0.55695533 0.55937523 0.61299708 0.6131961  0.61359334 0.61395657
  0.61860406
 0.54673641 0.54407089 0.59309869 0.59247761 0.58534594 0.58536199
  0.59205768
 0.55862835 0.5590915  0.60579103 0.60475283 0.60278354 0.60246305
  0.60373702
 0.56055939 0.56160809 0.59837064 0.5978803  0.59707481 0.59682456
  0.60679195
 0.555268   0.55527537 0.59986019 0.59927284 0.59075903 0.59006616
  0.59701578
 0.56161977 0.56188286 0.58534856 0.58492699 0.5860102  0.58495861
  0.59406501
 0.56080775 0.56245864 0.61251854 0.61198889 0.60502975 0.6046083
  0.60949315
 0.56652059 0.56651391 0.61288358 0.61336395 0.60525672 0.6051899
  0.61021642
 0.57351888 0.57432414 0.61034815 0.60987311 0.60760014 0.60811817
  0.60635653
 0.56969362 0.57014401 0.60677421 0.60533818 0.6048045  0.60428543
  0.60103719
 0.56333822 0.56306323 0.59887852 0.59820352 0.5909292  0.58977306
  0.59133911
 0.55410113 0.55657837 0.60428481 0.60419499 0.5987675  0.60009005
  0.5906953 
 0.56201228 0.56289629 0.60184876 0.6021083  0.59246547 0.59262318
  0.59807976
 0.56925934 0.56953006 0.61175827 0.61237191 0.61019408 0.6103882
  0.60798457
 0.5457732  0.54627255 0.59475014 0.59452873 0.58577686 0.58591975
  0.59281361
 0.55926732 0.55977755 0.5924673  0.59192972 0.59085965 0.59095381
  0.59638504
 0.56408729 0.56192059 0.6060616  0.60562897 0.60153282 0.60200109
  0.60241415
 0.55771532 0.55994663 0.6076873  0.60836681 0.60776607 0.60724018
  0.61263936
 0.56928921 0.56808419 0.61478769 0.61467695 0.61390894 0.61288465
  0.61521876
 0.54721537 0.54802373 0.59355521 0.59400117 0.58522166 0.58555711
  0.5937903 
 0.55265711 0.55372984 0.58692285 0.58778852 0.58419244 0.58444011
  0.58446281
 0.57131655 0.56829809 0.59861965 0.59818603 0.59806478 0.59837674
  0.59426419