0.97929427 0.97959711 0.89909491 0.89917673 0.98064726 0.98063444
  0.97064821
 0.97853257 0.97846898 0.93165576 0.93153351 0.97853689 0.97852331
  0.97035788
 0.97208003 0.97224654 0.94567427 0.94564184 0.97368904 0.97340029
  0.97039806
 0.97075116 0.97119073 0.9139503  0.91405359 0.97115999 0.97158174
  0.97240495
 0.98068018 0.98100404 0.92735895 0.9273329  0.98167347 0.98167657
  0.97738824
 0.97094287 0.9713425  0.92572441 0.92565964 0.97155515 0.97153987
  0.97061534
 0.96694898 0.96688077 0.93242149 0.93241033 0.9695032  0.96853645
  0.96996766
 0.97708524 0.97749282 0.94992789 0.95038375 0.97844974 0.97846379
  0.9725909 
 0.97547651 0.97617628 0.94004053 0.94002078 0.97588008 0.97621393
  0.97299646
 0.97295728 0.97412131 0.94195306 0.94178317 0.97399169 0.97466432
  0.96727742
 0.97046612 0.97018369 0.93553676 0.93546585 0.9710866  0.97116424
  0.97216313
 0.97101032 0.97030319 0.89372896 0.89385103 0.97153743 0.97116445
  0.96726138
 0.97501526 0.97511488 0.94858096 0.94856228 0.97616717 0.9761983
  0.96795557
 0.97071774 0.97121948 0.92215612 0.92212164 0.97108589 0.97140787
  0.97163135
 0.9738364  0.97423283 0.95152488 0.95170813 0.97496647 0.9751117
  0.97391182
 0.96992879 0.96994971 0.9381272  0.93789337 0.97177486 0.97125365
  0.96875346
 0.96996167 0.96955085 0.91092245 0.91052758 0.9716135  0.97107086
  0.97051228
 0.96986729 0.97001247 0.90565624 0.9055582  0.97180679 0.97178794
  0.97052343
 0.97226854 0.97222202 0.9034369  0.90376008 0.97378897 0.97341988
  0.96802735
 0.96860292 0.96935342 0.95111214 0.95123477 0.97017995 0.97002789
  0.97608951
 0.97246022 0.97174788 0.93889317 0.93918382 0.97323902 0.97201617
  0.96737321
 0.97047054 0.97196009 0.92963715 0.93045995 0.97197736 0.97249176
  0.97133836
 0.96959589 0.969602   0.92143686 0.92145763 0.97078391 0.97091462
  0.97336151
 0.97397288 0.97389343 0.96051925 0.96055128 0.97490724 0.9749288
  0.97551208
 0.97325401 0.97319647 0.95480554 0.95479085 0.97522066 0.97506641
  0.97335317
 0.96731359 0.96695861 0.94880039 0.94880537 0.9697046  0.96901639
  0.97113137
 0.97514911 0.97479265 0.93810979 0.93746829 0.97635084 0.97554312
  0.97231101
 0.97340612 0.97325754 0.90077325 0.90091873 0.97433492 0.974366
  0.97236417
 0.97244546 0.97340972 0.9259647  0.92613228 0.97363359 0.97425642
  0.973456  
 0.97128969 0.97110217 0.92635509 0.92617853 0.97245135 0.97195697
  0.96994416
 0.97127384 0.97146176 0.92072291 0.92054442 0.97205253 0.97198591
  0.96878818
 0.9691354  0.9692695  0.92898837 0.92886036 0.97035574 0.97072026
  0.97071904
 0.96848255 0.96838868 0.88560944 0.88560944 0.97068186 0.97028625
  0.96943042
 0.97308624 0.97324088 0.94855358 0.94890012 0.97362096 0.97350979
  0.97068278
 0.96420885 0.96416401 0.93050979 0.93002946 0.96574752 0.9656044
  0.96796492
 0.9679475  0.96780445 0.93776928 0.9377595  0.97109761 0.97093805
  0.96608176
 0.96860641 0.96894229 0.90595033 0.90592661 0.96984005 0.96982132
  0.96654118
 0.97276438 0.97307586 0.94411631 0.94406697 0.97484173 0.97460365
  0.97294633
 0.96818132 0.96782658 0.92466924 0.92464588 0.96941336 0.96907031
  0.9649395 
 0.96885319 0.96911612 0.95679162 0.95704781 0.97081994 0.97074149
  0.96829057
 0.96986829 0.96876154 0.9475925  0.94758622 0.97173905 0.97118598
  0.96955692
 0.96490143 0.9646141  0.92988821 0.93025168 0.9670939  0.96711171
  0.96854225
 0.96902396 0.96860844 0.93386681 0.93352527 0.97060713 0.97016078
  0.97025511
 0.98135926 0.98153294 0.94195439 0.94192381 0.98177513 0.98173354
  0.97610095
 0.97228163 0.97208407 0.9391291  0.93883153 0.97297432 0.97290641
  0.97145496
 0.96779553 0.9676707  0.91317306 0.91275696 0.96924071 0.96926431
  0.97256394
 0.97370978 0.97342563 0.93095242 0.93114226 0.97604317 0.97586263
  0.9716382 
 0.96714369 0.96767636 0.90976344 0.90971507 0.96980643 0.97020019
  0.97018655
 0.97691128 0.97692929 0.96054603 0.96021687 0.97734601 0.97706281
  0.97642127
 0.97250625 0.9728823  0.95231717 0.95267058 0.9755964  0.97545365
  0.97078636