0.97392041 0.97417042 0.9814177  0.9813927  0.98271778 0.98271153
  0.98304905
 0.96299422 0.96283794 0.97754024 0.97749648 0.97877793 0.97877793
  0.97790905
 0.97198873 0.97188859 0.98312627 0.98317008 0.9828947  0.98288844
  0.98356439
 0.95999373 0.96017857 0.97763784 0.97766291 0.97932331 0.97934211
  0.97890977
 0.96925765 0.96952954 0.96604809 0.96612934 0.97969261 0.97968011
  0.97976761
 0.97165607 0.97184357 0.97031231 0.97026231 0.98093113 0.98094363
  0.98197489
 0.96305118 0.96310433 0.97843715 0.97838088 0.97836212 0.97832461
  0.97871223
 0.97150653 0.97121275 0.98189819 0.98187319 0.98271702 0.98271077
  0.98226698
 0.97296713 0.97307049 0.97622761 0.97617124 0.98463408 0.98464034
  0.98441484
 0.97330832 0.9732364  0.97651032 0.97641026 0.98343965 0.98340838
  0.98331457
 0.97042813 0.9704375  0.981725   0.98174375 0.9813125  0.98130625
  0.98179375
 0.97252033 0.97263915 0.9756035  0.97559725 0.97961226 0.97956223
  0.97982489
 0.97104235 0.97109548 0.97780903 0.97780903 0.97962807 0.97962182
  0.98030317
 0.97565017 0.97606601 0.98269124 0.98268498 0.98486109 0.98494238
  0.98431081
 0.97484931 0.97485244 0.97971689 0.97965436 0.98194278 0.98189276
  0.98204907
 0.96020313 0.96040313 0.9758     0.9757625  0.97545    0.97546875
  0.97578125
 0.97241879 0.97197494 0.97593834 0.97564452 0.98026431 0.98016429
  0.98138331
 0.96303597 0.96264799 0.97499437 0.97501314 0.97494431 0.97491302
  0.97514455
 0.96780838 0.96787715 0.97685729 0.97684479 0.97963917 0.97960791
  0.97972044
 0.97565504 0.97571131 0.97775569 0.97776194 0.98421392 0.98422017
  0.98275722
 0.9667937  0.96667167 0.97502566 0.97486921 0.97832345 0.9782859
  0.97962504
 0.96637728 0.96629603 0.97146804 0.97145554 0.97900573 0.97898072
  0.9800995 
 0.96208007 0.96245278 0.97937847 0.97946617 0.97701689 0.97710459
  0.98031183
 0.97201634 0.97160665 0.9594756  0.95923792 0.98174244 0.98164862
  0.98219904
 0.9688795  0.9689045  0.97813627 0.97806127 0.97926758 0.97924258
  0.97913633
 0.97564854 0.97562663 0.97660006 0.97643104 0.98376778 0.98379282
  0.98255334
 0.97177117 0.9718618  0.98284957 0.98284332 0.98268707 0.98266207
  0.98286207
 0.97099234 0.97100797 0.97887795 0.97880919 0.98152211 0.98149711
  0.98189717
 0.96542192 0.96525599 0.97721509 0.97717127 0.97697717 0.97692707
  0.97754068
 0.9762259  0.97613838 0.98177715 0.98178965 0.98231477 0.98230227
  0.98336501
 0.96222552 0.96215361 0.97061325 0.97045068 0.97710959 0.97709709
  0.97689701
 0.9650015  0.96462016 0.97659473 0.97652597 0.97731365 0.97729489
  0.97785752
 0.96613911 0.96575766 0.96650804 0.96646427 0.97707589 0.97698835
  0.97740106
 0.96826037 0.96841674 0.97926557 0.97920302 0.97935314 0.97929059
  0.97878396
 0.96428035 0.96453683 0.97680412 0.97679787 0.97710439 0.97712942
  0.97864328
 0.96359284 0.96343034 0.9641116  0.9640616  0.97896197 0.97894322
  0.97974324
 0.96789005 0.96754239 0.97831983 0.97828225 0.97892746 0.97892746
  0.97935342
 0.96635172 0.96670502 0.98015871 0.98018372 0.98018372 0.98022749
  0.98003364
 0.96833568 0.96845757 0.9779403  0.9778903  0.98045945 0.9804657
  0.98074699
 0.97198291 0.97217373 0.98103622 0.98104873 0.98082975 0.98084852
  0.98114884
 0.9714659  0.97141589 0.98294829 0.98292329 0.98284828 0.98287329
  0.98272327
 0.97435745 0.9742133  0.98445089 0.98444463 0.98428168 0.98430675
  0.98441956
 0.97284416 0.97310669 0.9599585  0.95993974 0.98063556 0.98062306
  0.98158566
 0.97321144 0.97307079 0.98272855 0.98270355 0.98414127 0.98411627
  0.98307236
 0.97131276 0.9715159  0.98175443 0.98176068 0.98229198 0.98230448
  0.98244199
 0.97464624 0.97472749 0.96928048 0.96934298 0.98098077 0.98098702
  0.98103078
 0.95420163 0.95398577 0.97716964 0.97716338 0.97675044 0.97669413
  0.97780155
 0.9689594  0.96900315 0.9770227  0.97699145 0.97759776 0.97759776
  0.97796655
 0.9634979  0.96341974 0.97499    0.97495873 0.97507753 0.97510879
  0.97635304
 0.96563635 0.96544567 0.95112253 0.95106001 0.98134429 0.98130052
  0.98353871