0.80791667 0.80791667 0.80766667 0.8075     0.80758333 0.8075
  0.80825   
 0.80841667 0.80841667 0.80858333 0.80858333 0.80883333 0.80866667
  0.80941667
 0.80925    0.80925    0.81108333 0.81108333 0.811      0.81108333
  0.8115    
 0.81225    0.81225    0.81208333 0.81208333 0.81208333 0.81208333
  0.81275   
 0.81608333 0.81608333 0.816      0.816      0.81591667 0.816
  0.81641667
 0.81166667 0.81166667 0.81191667 0.81216667 0.81175    0.81191667
  0.81241667
 0.81083333 0.81083333 0.80891667 0.80891667 0.80875    0.80883333
  0.81025   
 0.81116667 0.81116667 0.81133333 0.81133333 0.81141667 0.81141667
  0.812     
 0.81275    0.81275    0.81158333 0.81158333 0.81158333 0.81158333
  0.812     
 0.80941667 0.80941667 0.80891667 0.809      0.80883333 0.80891667
  0.80858333
 0.81091667 0.81091667 0.811      0.811      0.81083333 0.811
  0.8105    
 0.81033333 0.81033333 0.80941667 0.8095     0.80958333 0.80941667
  0.81091667
 0.80641667 0.80641667 0.80625    0.80625    0.80625    0.80625
  0.80641667
 0.81575    0.81575    0.81408333 0.81425    0.81416667 0.81425
  0.81441667
 0.80841667 0.80841667 0.80933333 0.80925    0.80933333 0.80933333
  0.80958333
 0.81016667 0.81016667 0.8095     0.80958333 0.80941667 0.8095
  0.81016667
 0.80633333 0.80633333 0.80775    0.80758333 0.80766667 0.80766667
  0.8075    
 0.81225    0.81225    0.8105     0.8105     0.81066667 0.81066667
  0.81141667
 0.812      0.812      0.81225    0.81216667 0.81216667 0.81208333
  0.81316667
 0.81308333 0.81308333 0.81266667 0.81266667 0.81275    0.81275
  0.81275   
 0.81125    0.81125    0.81066667 0.81041667 0.8105     0.81041667
  0.81091667
 0.80516667 0.80516667 0.80566667 0.80575    0.80575    0.80591667
  0.80583333
 0.80758333 0.80758333 0.80908333 0.80908333 0.80908333 0.809
  0.80875   
 0.81233333 0.81233333 0.81233333 0.81241667 0.81241667 0.81241667
  0.813     
 0.81033333 0.81033333 0.81075    0.81058333 0.81066667 0.81041667
  0.81166667
 0.80691667 0.80691667 0.80591667 0.80591667 0.80591667 0.80591667
  0.80733333
 0.80216667 0.80216667 0.803      0.803      0.803      0.80291667
  0.80383333
 0.8105     0.8105     0.81158333 0.81166667 0.81158333 0.81166667
  0.811     
 0.80908333 0.80908333 0.80858333 0.80858333 0.8085     0.8085
  0.80858333
 0.8055     0.8055     0.80625    0.80616667 0.80625    0.80625
  0.8065    
 0.81033333 0.81033333 0.81       0.81       0.80983333 0.81
  0.81066667
 0.81141667 0.81141667 0.81033333 0.81041667 0.81025    0.8105
  0.81116667
 0.80533333 0.80533333 0.80466667 0.80466667 0.80475    0.80466667
  0.80491667
 0.81091667 0.81091667 0.80841667 0.80833333 0.80858333 0.8085
  0.80983333
 0.81383333 0.81383333 0.81408333 0.81408333 0.81416667 0.81416667
  0.81475   
 0.811      0.811      0.81091667 0.81091667 0.81091667 0.81091667
  0.81141667
 0.81258333 0.81258333 0.81216667 0.81233333 0.81233333 0.81233333
  0.81175   
 0.80533333 0.80533333 0.80475    0.80466667 0.80466667 0.80458333
  0.80466667
 0.80833333 0.80833333 0.80833333 0.80825    0.80816667 0.80816667
  0.80941667
 0.81125    0.81125    0.81283333 0.81258333 0.81283333 0.81283333
  0.81358333
 0.8075     0.8075     0.80641667 0.8065     0.80641667 0.80641667
  0.80641667
 0.817      0.817      0.816      0.81608333 0.81591667 0.81608333
  0.81608333
 0.80758333 0.80758333 0.80825    0.80825    0.80825    0.80833333
  0.80933333
 0.80933333 0.80933333 0.81025    0.81025    0.81041667 0.81016667
  0.81125   
 0.81091667 0.81091667 0.80991667 0.81008333 0.80983333 0.80983333
  0.81091667
 0.80966667 0.80966667 0.8115     0.81141667 0.8115     0.81141667
  0.81166667
 0.80958333 0.80958333 0.80833333 0.80825    0.80841667 0.80833333
  0.80983333
 0.80908333 0.80908333 0.80791667 0.80783333 0.808      0.808
  0.80808333
 0.815      0.815      0.81425    0.81416667 0.81416667 0.81416667
  0.81466667
 0.80983333 0.80983333 0.81058333 0.81066667 0.8105     0.81041667
  0.81033333