0.96689498 0.96689498 0.96270928 0.96251903 0.96746575 0.96727549
  0.94501522
 0.96289954 0.96289954 0.95871385 0.95871385 0.96289954 0.9630898
  0.94824962
 0.96023592 0.96023592 0.95585997 0.95605023 0.96004566 0.96023592
  0.93436073
 0.9608067  0.9608067  0.95928463 0.95890411 0.96156773 0.96175799
  0.92979452
 0.96175799 0.96175799 0.95966514 0.95966514 0.96137747 0.96137747
  0.94292237
 0.95947489 0.95947489 0.95319635 0.95319635 0.95928463 0.95928463
  0.9326484 
 0.96156773 0.96156773 0.95890411 0.95890411 0.96156773 0.96156773
  0.94101979
 0.96213851 0.96213851 0.96023592 0.96004566 0.96175799 0.96213851
  0.9423516 
 0.96860731 0.96860731 0.96385084 0.96366058 0.96841705 0.96860731
  0.94577626
 0.96423135 0.96423135 0.96423135 0.96423135 0.96480213 0.96480213
  0.94197108
 0.96499239 0.96499239 0.96289954 0.96270928 0.96556317 0.96594368
  0.94349315
 0.96461187 0.96461187 0.95871385 0.95890411 0.96480213 0.96499239
  0.94311263
 0.9608067  0.9608067  0.96004566 0.96023592 0.96042618 0.96023592
  0.94159056
 0.96004566 0.96004566 0.95833333 0.95852359 0.96042618 0.96023592
  0.93302892
 0.96480213 0.96480213 0.96156773 0.96156773 0.96537291 0.96518265
  0.93321918
 0.95585997 0.95585997 0.95643075 0.956621   0.95643075 0.956621
  0.93854642
 0.96175799 0.96175799 0.96156773 0.96156773 0.96270928 0.96270928
  0.94292237
 0.9608067  0.9608067  0.9608067  0.96061644 0.96156773 0.96137747
  0.93949772
 0.96499239 0.96499239 0.95871385 0.95871385 0.96518265 0.96537291
  0.9414003 
 0.96575342 0.96575342 0.96061644 0.96061644 0.96594368 0.96594368
  0.94082953
 0.96099696 0.96099696 0.95966514 0.95966514 0.96137747 0.96137747
  0.93740487
 0.96251903 0.96251903 0.96194825 0.96194825 0.96270928 0.96270928
  0.93664384
 0.95605023 0.95605023 0.95719178 0.95719178 0.95585997 0.95566971
  0.92960426
 0.96289954 0.96289954 0.9630898  0.96289954 0.96251903 0.96251903
  0.94444444
 0.96023592 0.96023592 0.9575723  0.9575723  0.96061644 0.96023592
  0.93455099
 0.9598554  0.9598554  0.95966514 0.9598554  0.96042618 0.96023592
  0.9414003 
 0.95852359 0.95852359 0.95585997 0.95585997 0.95833333 0.95833333
  0.93150685
 0.96366058 0.96366058 0.9608067  0.9608067  0.96366058 0.96385084
  0.94349315
 0.95909437 0.95909437 0.95700152 0.95681126 0.95890411 0.95909437
  0.94349315
 0.96194825 0.96194825 0.95852359 0.95852359 0.96194825 0.96194825
  0.9446347 
 0.96156773 0.96156773 0.96156773 0.96137747 0.96232877 0.96232877
  0.945586  
 0.96480213 0.96480213 0.96289954 0.96289954 0.96499239 0.96499239
  0.94425419
 0.96328006 0.96328006 0.95814307 0.95814307 0.9630898  0.9630898
  0.94159056
 0.96689498 0.96689498 0.96385084 0.96385084 0.96670472 0.96651446
  0.94805936
 0.96328006 0.96328006 0.96042618 0.96042618 0.96347032 0.96347032
  0.94311263
 0.96156773 0.96156773 0.95509893 0.95509893 0.96194825 0.96175799
  0.93930746
 0.95909437 0.95909437 0.95719178 0.95719178 0.95928463 0.95928463
  0.93302892
 0.96270928 0.96270928 0.95700152 0.95700152 0.96213851 0.96213851
  0.9414003 
 0.9630898  0.9630898  0.96175799 0.96175799 0.9630898  0.9630898
  0.9414003 
 0.96118721 0.96118721 0.95528919 0.95509893 0.96137747 0.96156773
  0.9326484 
 0.95509893 0.95509893 0.95605023 0.95605023 0.95452816 0.95452816
  0.93512177
 0.96328006 0.96328006 0.96289954 0.96289954 0.96385084 0.96366058
  0.93816591
 0.9630898  0.9630898  0.95928463 0.95966514 0.96347032 0.96366058
  0.93512177
 0.96137747 0.96137747 0.96118721 0.96118721 0.96194825 0.96194825
  0.93797565
 0.96480213 0.96480213 0.96213851 0.96194825 0.96442161 0.96442161
  0.95186454
 0.96270928 0.96270928 0.9598554  0.95966514 0.96328006 0.96328006
  0.9423516 
 0.96175799 0.96175799 0.9608067  0.96099696 0.96118721 0.96118721
  0.93607306
 0.96137747 0.96137747 0.95928463 0.95928463 0.96194825 0.96232877
  0.93835616
 0.96651446 0.96651446 0.96442161 0.96442161 0.96651446 0.96651446
  0.94615677
 0.96194825 0.96194825 0.95395738 0.95414764 0.96194825 0.96194825
  0.94044901