0.83043478 0.83043478 0.82782609 0.82717391 0.83021739 0.83
  0.81934783
 0.83347826 0.83347826 0.82152174 0.82108696 0.83369565 0.83391304
  0.81956522
 0.8423913  0.8423913  0.84956522 0.84956522 0.84217391 0.84173913
  0.82847826
 0.84673913 0.84673913 0.84369565 0.84391304 0.8473913  0.84717391
  0.82913043
 0.84217391 0.84217391 0.84021739 0.84043478 0.8423913  0.8426087
  0.82565217
 0.83630435 0.83630435 0.82891304 0.82869565 0.83652174 0.83673913
  0.81565217
 0.83630435 0.83630435 0.83478261 0.83369565 0.83586957 0.83565217
  0.825     
 0.82695652 0.82695652 0.82021739 0.81978261 0.82695652 0.82673913
  0.81913043
 0.83630435 0.83630435 0.82891304 0.82847826 0.83586957 0.83543478
  0.8226087 
 0.835      0.835      0.8123913  0.81195652 0.83478261 0.83456522
  0.82978261
 0.83586957 0.83586957 0.83652174 0.83586957 0.83543478 0.83521739
  0.82434783
 0.83869565 0.83869565 0.83891304 0.83847826 0.83847826 0.83869565
  0.8226087 
 0.83195652 0.83195652 0.83521739 0.83478261 0.83152174 0.83130435
  0.8176087 
 0.83608696 0.83608696 0.80652174 0.80652174 0.83521739 0.83478261
  0.82152174
 0.8376087  0.8376087  0.83021739 0.83       0.83869565 0.83869565
  0.83326087
 0.84086957 0.84086957 0.8273913  0.82673913 0.84108696 0.84130435
  0.82565217
 0.8326087  0.8326087  0.84326087 0.84304348 0.8326087  0.83304348
  0.82217391
 0.82956522 0.82956522 0.81369565 0.81304348 0.83065217 0.83065217
  0.82065217
 0.83434783 0.83434783 0.83152174 0.83152174 0.83413043 0.83434783
  0.82456522
 0.83652174 0.83652174 0.82956522 0.83       0.83630435 0.83652174
  0.82065217
 0.82652174 0.82652174 0.82347826 0.82369565 0.82717391 0.8273913
  0.81673913
 0.82913043 0.82913043 0.82695652 0.82695652 0.82891304 0.82891304
  0.81826087
 0.83869565 0.83869565 0.83891304 0.83934783 0.83891304 0.83913043
  0.82826087
 0.83521739 0.83521739 0.82847826 0.82847826 0.83521739 0.83521739
  0.82565217
 0.84       0.84       0.8323913  0.83282609 0.84       0.84043478
  0.82478261
 0.835      0.835      0.83043478 0.83021739 0.83543478 0.83521739
  0.82065217
 0.83434783 0.83434783 0.84       0.84       0.83456522 0.83478261
  0.82391304
 0.83608696 0.83608696 0.83130435 0.83108696 0.835      0.83521739
  0.81869565
 0.83869565 0.83869565 0.83195652 0.83108696 0.84       0.84
  0.82630435
 0.83565217 0.83565217 0.84543478 0.84456522 0.835      0.83478261
  0.82304348
 0.84173913 0.84173913 0.84108696 0.84086957 0.8423913  0.84217391
  0.82978261
 0.83195652 0.83195652 0.82413043 0.82304348 0.8323913  0.8326087
  0.8223913 
 0.83413043 0.83413043 0.83521739 0.835      0.83543478 0.83565217
  0.81956522
 0.83956522 0.83956522 0.83913043 0.83847826 0.84       0.84
  0.82195652
 0.83326087 0.83326087 0.84065217 0.84065217 0.8326087  0.83282609
  0.82673913
 0.83043478 0.83043478 0.8376087  0.83695652 0.83065217 0.83043478
  0.81717391
 0.83043478 0.83043478 0.82608696 0.82565217 0.83086957 0.83108696
  0.82      
 0.83195652 0.83195652 0.83043478 0.83021739 0.8326087  0.83217391
  0.82043478
 0.8373913  0.8373913  0.81934783 0.81913043 0.8373913  0.83695652
  0.82369565
 0.83       0.83       0.83065217 0.83065217 0.83       0.83
  0.81586957
 0.8273913  0.8273913  0.80826087 0.80804348 0.82826087 0.82826087
  0.81826087
 0.83847826 0.83847826 0.82195652 0.82043478 0.83847826 0.83891304
  0.82086957
 0.83913043 0.83913043 0.84195652 0.8426087  0.83869565 0.83847826
  0.82391304
 0.83304348 0.83304348 0.83608696 0.83630435 0.83282609 0.83326087
  0.81717391
 0.83217391 0.83217391 0.8276087  0.82826087 0.8323913  0.8326087
  0.82      
 0.8323913  0.8323913  0.82804348 0.8276087  0.8326087  0.83304348
  0.81695652
 0.83826087 0.83826087 0.83978261 0.83978261 0.83978261 0.83978261
  0.82891304
 0.83673913 0.83673913 0.83043478 0.83043478 0.83673913 0.83717391
  0.8273913 
 0.83021739 0.83021739 0.83608696 0.83652174 0.83065217 0.83065217
  0.82021739
 0.83282609 0.83282609 0.8376087  0.83673913 0.8326087  0.83282609
  0.82434783