0.9261271  0.9261271  0.8620315  0.86257469 0.92558392 0.92504074
  0.92123846
 0.92829984 0.92829984 0.87887018 0.87941336 0.92775665 0.92775665
  0.93101575
 0.92395437 0.92395437 0.87778381 0.87724063 0.92395437 0.92395437
  0.91852254
 0.92123846 0.92123846 0.85279739 0.85334058 0.92178164 0.92178164
  0.91960891
 0.93047257 0.93047257 0.8718088  0.8718088  0.93047257 0.93047257
  0.92992939
 0.92721347 0.92721347 0.85605649 0.85605649 0.92721347 0.92721347
  0.9261271 
 0.91200435 0.91200435 0.87289517 0.87289517 0.91200435 0.91254753
  0.92449756
 0.92884302 0.92884302 0.90928843 0.91254753 0.92884302 0.92884302
  0.92884302
 0.92667029 0.92667029 0.88701793 0.88701793 0.92667029 0.92667029
  0.91472026
 0.93047257 0.93047257 0.88321564 0.88321564 0.93047257 0.93047257
  0.91634981
 0.92123846 0.92123846 0.88647474 0.88701793 0.92123846 0.92123846
  0.92123846
 0.91743618 0.91743618 0.8332428  0.8332428  0.91634981 0.91580663
  0.91634981
 0.92721347 0.92721347 0.9005975  0.90114068 0.92721347 0.92775665
  0.92395437
 0.92232482 0.92232482 0.86583379 0.86583379 0.92232482 0.92178164
  0.91743618
 0.93047257 0.93047257 0.89896795 0.89082021 0.93047257 0.93047257
  0.9293862 
 0.92395437 0.92395437 0.88430201 0.88430201 0.92449756 0.92449756
  0.92558392
 0.92449756 0.92449756 0.86909288 0.86800652 0.92449756 0.92449756
  0.92341119
 0.92232482 0.92232482 0.85659967 0.85659967 0.92232482 0.92178164
  0.91906573
 0.9326453  0.9326453  0.84736556 0.84736556 0.9326453  0.9326453
  0.92667029
 0.92178164 0.92178164 0.87343835 0.87398153 0.92232482 0.92286801
  0.93536122
 0.91363389 0.91363389 0.87235198 0.8718088  0.91363389 0.91363389
  0.92123846
 0.91906573 0.91906573 0.89462249 0.89570885 0.91960891 0.91960891
  0.92667029
 0.91417708 0.91417708 0.86583379 0.86583379 0.91417708 0.91417708
  0.93155894
 0.93644758 0.93644758 0.91417708 0.91363389 0.93644758 0.93699077
  0.9261271 
 0.92775665 0.92775665 0.91254753 0.91254753 0.92775665 0.92721347
  0.92504074
 0.90820206 0.90820206 0.89516567 0.89516567 0.90820206 0.90820206
  0.91960891
 0.93047257 0.93047257 0.9005975  0.89951114 0.92992939 0.92992939
  0.93210212
 0.92721347 0.92721347 0.84247691 0.8430201  0.92667029 0.92667029
  0.92504074
 0.92667029 0.92667029 0.87995655 0.87941336 0.92667029 0.92667029
  0.9293862 
 0.92884302 0.92884302 0.85768604 0.85768604 0.92884302 0.92884302
  0.91906573
 0.92667029 0.92667029 0.88212928 0.88212928 0.92667029 0.92667029
  0.92286801
 0.92449756 0.92449756 0.878327   0.87778381 0.92449756 0.92449756
  0.91689299
 0.92123846 0.92123846 0.84410646 0.84410646 0.92178164 0.92178164
  0.92286801
 0.92449756 0.92449756 0.8973384  0.89842477 0.92449756 0.92449756
  0.92232482
 0.91417708 0.91417708 0.88756111 0.88701793 0.91363389 0.91417708
  0.92341119
 0.92232482 0.92232482 0.89244976 0.89244976 0.92232482 0.92341119
  0.92558392
 0.92449756 0.92449756 0.85062466 0.85062466 0.92504074 0.92504074
  0.92015209
 0.92395437 0.92395437 0.89842477 0.89842477 0.92395437 0.92395437
  0.92775665
 0.91906573 0.91906573 0.85279739 0.85279739 0.91852254 0.91852254
  0.92232482
 0.91960891 0.91960891 0.91472026 0.91363389 0.91960891 0.92015209
  0.91960891
 0.92286801 0.92286801 0.89082021 0.89082021 0.92341119 0.92341119
  0.92721347
 0.91200435 0.91200435 0.8750679  0.8750679  0.91200435 0.91146116
  0.9261271 
 0.92449756 0.92449756 0.87289517 0.87289517 0.92449756 0.92449756
  0.91906573
 0.93427485 0.93427485 0.89244976 0.89299294 0.9326453  0.93155894
  0.9326453 
 0.92123846 0.92123846 0.8718088  0.87072243 0.92123846 0.92123846
  0.92667029
 0.92069527 0.92069527 0.85931559 0.85931559 0.92069527 0.92123846
  0.92558392
 0.92232482 0.92232482 0.88049973 0.88049973 0.92123846 0.92069527
  0.92504074
 0.92232482 0.92232482 0.83487235 0.83487235 0.92178164 0.92178164
  0.91743618
 0.92992939 0.92992939 0.91254753 0.91363389 0.92992939 0.93047257
  0.92829984
 0.92395437 0.92395437 0.89570885 0.89570885 0.92558392 0.92449756
  0.93047257