0.79022082 0.79022082 0.78956362 0.78956362 0.78943218 0.78943218
  0.78890641
 0.78470032 0.78470032 0.78640904 0.7862776  0.78640904 0.78614616
  0.78588328
 0.7904837  0.7904837  0.78956362 0.78969506 0.78969506 0.78969506
  0.78930074
 0.79035226 0.79035226 0.79022082 0.79022082 0.79022082 0.79022082
  0.7904837 
 0.79837014 0.79837014 0.79994742 0.80007886 0.8002103  0.80007886
  0.79994742
 0.78233438 0.78233438 0.78312303 0.78325447 0.78312303 0.78325447
  0.78299159
 0.79179811 0.79179811 0.79232387 0.79232387 0.79232387 0.79232387
  0.79179811
 0.78759201 0.78759201 0.78693481 0.78706625 0.78706625 0.78706625
  0.78746057
 0.79258675 0.79258675 0.79087802 0.79100946 0.79100946 0.79100946
  0.7904837 
 0.79337539 0.79337539 0.79298107 0.79311251 0.79298107 0.79311251
  0.79284963
 0.7898265  0.7898265  0.78930074 0.78943218 0.78956362 0.78943218
  0.78969506
 0.79350683 0.79350683 0.79324395 0.79324395 0.79337539 0.79337539
  0.79376972
 0.79337539 0.79337539 0.79337539 0.79337539 0.79337539 0.79337539
  0.79390116
 0.7862776  0.7862776  0.78601472 0.78614616 0.78614616 0.7862776
  0.7856204 
 0.78798633 0.78798633 0.78824921 0.78811777 0.78824921 0.78824921
  0.78759201
 0.79140379 0.79140379 0.79192955 0.79192955 0.79192955 0.79192955
  0.79219243
 0.79613565 0.79613565 0.79600421 0.79600421 0.79613565 0.79613565
  0.79600421
 0.7982387  0.7982387  0.79771293 0.79718717 0.79745005 0.79745005
  0.79771293
 0.78943218 0.78943218 0.78995794 0.78995794 0.78995794 0.7898265
  0.78930074
 0.78325447 0.78325447 0.78351735 0.78351735 0.78364879 0.78364879
  0.78312303
 0.79219243 0.79219243 0.79153523 0.79166667 0.79153523 0.79166667
  0.79153523
 0.78746057 0.78746057 0.78614616 0.78614616 0.7862776  0.78640904
  0.78601472
 0.79153523 0.79153523 0.79166667 0.79179811 0.79153523 0.79179811
  0.79206099
 0.79350683 0.79350683 0.79271819 0.79271819 0.79271819 0.79271819
  0.79284963
 0.79284963 0.79284963 0.79035226 0.79035226 0.79008938 0.79008938
  0.79140379
 0.78956362 0.78956362 0.79035226 0.79035226 0.7904837  0.79035226
  0.79022082
 0.79022082 0.79022082 0.79153523 0.79140379 0.7911409  0.79140379
  0.79127234
 0.79521556 0.79521556 0.79298107 0.79298107 0.79298107 0.79298107
  0.79298107
 0.79429548 0.79429548 0.79442692 0.79442692 0.79455836 0.79442692
  0.7946898 
 0.79560988 0.79560988 0.79508412 0.79508412 0.79508412 0.79508412
  0.795347  
 0.79521556 0.79521556 0.79508412 0.79495268 0.79521556 0.79508412
  0.79482124
 0.78654048 0.78654048 0.78483176 0.7849632  0.78483176 0.78483176
  0.78522608
 0.79692429 0.79692429 0.79626709 0.79626709 0.79626709 0.79626709
  0.79639853
 0.78930074 0.78930074 0.79087802 0.79087802 0.79074658 0.79087802
  0.7898265 
 0.79863302 0.79863302 0.79981598 0.79981598 0.79981598 0.8002103
  0.80034175
 0.78588328 0.78588328 0.78601472 0.78588328 0.78588328 0.78588328
  0.78483176
 0.7904837  0.7904837  0.79061514 0.79061514 0.79061514 0.79061514
  0.79074658
 0.79455836 0.79455836 0.79245531 0.79271819 0.79232387 0.79271819
  0.79219243
 0.78535752 0.78535752 0.78548896 0.78548896 0.78548896 0.78522608
  0.78522608
 0.79179811 0.79179811 0.79153523 0.79153523 0.79153523 0.79153523
  0.79074658
 0.78903785 0.78903785 0.78969506 0.78956362 0.7898265  0.78969506
  0.79061514
 0.78903785 0.78903785 0.7898265  0.78969506 0.78995794 0.78995794
  0.7891693 
 0.79035226 0.79035226 0.79166667 0.79179811 0.79166667 0.79166667
  0.79061514
 0.79232387 0.79232387 0.79337539 0.79324395 0.79324395 0.79324395
  0.79271819
 0.79166667 0.79166667 0.79166667 0.79166667 0.79179811 0.79166667
  0.79232387
 0.78811777 0.78811777 0.78811777 0.78811777 0.78838065 0.78838065
  0.78851209
 0.7911409  0.7911409  0.7904837  0.7904837  0.7904837  0.7904837
  0.79022082
 0.79626709 0.79626709 0.79521556 0.79547844 0.79560988 0.79547844
  0.79455836
 0.79127234 0.79127234 0.79166667 0.79153523 0.79166667 0.79166667
  0.79179811
 0.79140379 0.79140379 0.79232387 0.79245531 0.79232387 0.79232387
  0.79140379