0.96745868 0.96745868 0.9643595  0.9643595  0.96694215 0.96694215
  0.96590909
 0.97159091 0.97159091 0.97055785 0.97055785 0.97055785 0.97055785
  0.97004132
 0.96952479 0.96952479 0.9643595  0.9643595  0.96849174 0.96849174
  0.96900826
 0.96745868 0.96745868 0.96745868 0.96745868 0.96745868 0.96745868
  0.96539256
 0.97004132 0.97004132 0.97159091 0.97159091 0.97210744 0.97210744
  0.97004132
 0.96694215 0.96694215 0.96745868 0.96745868 0.97004132 0.97004132
  0.96539256
 0.96745868 0.96745868 0.96694215 0.96694215 0.96797521 0.96797521
  0.96280992
 0.96539256 0.96539256 0.96539256 0.96539256 0.96539256 0.96539256
  0.9643595 
 0.97159091 0.97159091 0.97210744 0.97210744 0.97210744 0.97210744
  0.96849174
 0.96849174 0.96849174 0.96900826 0.96900826 0.96900826 0.96900826
  0.96849174
 0.97210744 0.97210744 0.97107438 0.97107438 0.9731405  0.9731405
  0.97107438
 0.9731405  0.9731405  0.97159091 0.97210744 0.97210744 0.97210744
  0.97159091
 0.96229339 0.96229339 0.96126033 0.96126033 0.96384298 0.96384298
  0.96022727
 0.96900826 0.96900826 0.96797521 0.96797521 0.96900826 0.96900826
  0.96849174
 0.97055785 0.97055785 0.96797521 0.96797521 0.97055785 0.97055785
  0.96694215
 0.97572314 0.97572314 0.97520661 0.97520661 0.97727273 0.97727273
  0.97159091
 0.97107438 0.97107438 0.97262397 0.97262397 0.97262397 0.97262397
  0.97004132
 0.96900826 0.96900826 0.96642562 0.96642562 0.96797521 0.96797521
  0.96694215
 0.97778926 0.97778926 0.97623967 0.97623967 0.97727273 0.97727273
  0.97572314
 0.9731405  0.9731405  0.96590909 0.96590909 0.9731405  0.97262397
  0.97210744
 0.96280992 0.96280992 0.9607438  0.9607438  0.96229339 0.96177686
  0.96022727
 0.96797521 0.96797521 0.96694215 0.96694215 0.96694215 0.96745868
  0.9643595 
 0.96900826 0.96900826 0.97055785 0.97055785 0.97107438 0.97159091
  0.96642562
 0.96745868 0.96745868 0.96487603 0.9643595  0.96849174 0.96849174
  0.9643595 
 0.96642562 0.96642562 0.96694215 0.96694215 0.96849174 0.96849174
  0.96694215
 0.96384298 0.96384298 0.96590909 0.96590909 0.96642562 0.96642562
  0.9643595 
 0.96952479 0.96952479 0.96590909 0.96590909 0.97107438 0.97055785
  0.97262397
 0.96590909 0.96590909 0.96590909 0.96590909 0.96539256 0.96539256
  0.96539256
 0.9731405  0.9731405  0.96745868 0.96745868 0.97417355 0.97417355
  0.96952479
 0.97107438 0.97107438 0.96849174 0.96849174 0.97210744 0.97210744
  0.96694215
 0.96900826 0.96900826 0.96694215 0.96694215 0.96900826 0.96900826
  0.96487603
 0.96797521 0.96797521 0.97004132 0.97004132 0.97055785 0.97055785
  0.96849174
 0.97159091 0.97159091 0.96952479 0.96952479 0.97107438 0.97107438
  0.96849174
 0.96797521 0.96797521 0.96797521 0.96797521 0.96849174 0.96849174
  0.96487603
 0.96797521 0.96797521 0.97159091 0.97210744 0.97159091 0.97159091
  0.96745868
 0.97262397 0.97262397 0.97107438 0.97107438 0.97210744 0.97210744
  0.97004132
 0.96642562 0.96642562 0.96952479 0.96952479 0.96952479 0.96952479
  0.96745868
 0.97365702 0.97365702 0.96900826 0.96900826 0.9767562  0.9767562
  0.97055785
 0.96952479 0.96952479 0.96797521 0.96797521 0.97004132 0.97004132
  0.96590909
 0.97365702 0.97365702 0.97107438 0.97107438 0.9731405  0.9731405
  0.97262397
 0.96952479 0.96952479 0.96642562 0.96487603 0.96952479 0.96952479
  0.96745868
 0.97004132 0.97004132 0.96539256 0.96539256 0.97210744 0.97210744
  0.96539256
 0.96952479 0.96952479 0.97004132 0.97004132 0.97055785 0.97055785
  0.97004132
 0.97262397 0.97262397 0.97365702 0.97365702 0.97417355 0.97469008
  0.97262397
 0.97159091 0.97159091 0.97159091 0.97159091 0.97262397 0.97262397
  0.96642562
 0.97262397 0.97262397 0.97365702 0.9731405  0.97365702 0.97365702
  0.97262397
 0.9643595  0.9643595  0.96590909 0.96590909 0.96590909 0.96590909
  0.96384298
 0.97159091 0.97159091 0.97107438 0.97107438 0.97210744 0.97210744
  0.96900826
 0.96849174 0.96849174 0.9535124  0.9535124  0.96849174 0.96849174
  0.96797521
 0.96694215 0.96694215 0.96229339 0.96177686 0.96849174 0.96849174
  0.96797521