0.94459352 0.94445199 0.99202332 0.99200634 0.9925385  0.99252717
  0.99530684
 0.95404568 0.95404271 0.99521129 0.99522916 0.99397242 0.99404985
  0.99728402
 0.9056073  0.90591503 0.99209695 0.99210784 0.99211329 0.99214597
  0.99655229
 0.95827225 0.95838324 0.99328009 0.99327546 0.99258636 0.99260948
  0.97401294
 0.96366596 0.96364319 0.98713203 0.98712292 0.99135305 0.99139858
  0.99378913
 0.95111302 0.95141431 0.99104161 0.99104161 0.99306026 0.99306528
  0.98087806
 0.96803204 0.96855218 0.99485059 0.99482458 0.99557879 0.99556318
  0.99648384
 0.95736144 0.95749737 0.99625726 0.99625726 0.99599513 0.99599027
  0.99724271
 0.93813963 0.93864497 0.99310994 0.99310994 0.99415529 0.99414374
  0.99019336
 0.9544975  0.95453687 0.99269399 0.99267824 0.99394315 0.99394315
  0.99087273
 0.97593841 0.97615357 0.99656937 0.99654579 0.99669905 0.99670494
  0.99768933
 0.9389205  0.9394208  0.99555162 0.99556305 0.9959976  0.9959976
  0.9750193 
 0.9090076  0.90920344 0.98625109 0.98626113 0.9887518  0.98877691
  0.96681781
 0.96643869 0.96623532 0.9904792  0.99042397 0.99321091 0.9931858
  0.98965065
 0.9292657  0.92911267 0.9873479  0.98739726 0.98949031 0.98954955
  0.96071085
 0.96464974 0.9643376  0.99231617 0.99231034 0.99334885 0.99335469
  0.98382721
 0.97457258 0.97515002 0.99462183 0.99455956 0.99661458 0.99658628
  0.98904552
 0.93891794 0.93899673 0.990292   0.99030633 0.99236922 0.99237877
  0.99101784
 0.96798203 0.96794662 0.98874183 0.9887037  0.99382353 0.9937963
  0.97983115
 0.98664798 0.9877038  0.99630322 0.99625793 0.99731658 0.99731658
  0.99753736
 0.94880844 0.94886131 0.98707999 0.98708422 0.98939333 0.98939756
  0.98880548
 0.9603729  0.96027332 0.99238275 0.99240267 0.99435926 0.99436921
  0.98996814
 0.92624283 0.92614063 0.9917477  0.99173748 0.99267257 0.99266746
  0.97729723
 0.94303462 0.94306611 0.99264675 0.99263625 0.99298791 0.99296166
  0.96673455
 0.91545771 0.91543123 0.98733574 0.9872404  0.99018533 0.99014825
  0.96047649
 0.94150661 0.94154966 0.99397236 0.99396223 0.99292386 0.99294412
  0.99483345
 0.96163105 0.9619516  0.9872533  0.98724701 0.99130107 0.99125707
  0.98730358
 0.93961743 0.93961743 0.99223497 0.99221523 0.99401209 0.99401209
  0.99049735
 0.93989753 0.94007698 0.98563887 0.98564927 0.98929027 0.98931107
  0.97631271
 0.9614488  0.96211601 0.99616013 0.99617102 0.99592593 0.99593682
  0.99765251
 0.93269157 0.93261935 0.9922054  0.99214763 0.9959366  0.99591735
  0.95496562
 0.92199898 0.92204297 0.99241187 0.99243936 0.99414394 0.99411645
  0.99158158
 0.92463656 0.92468386 0.99336852 0.99333367 0.99525042 0.99524544
  0.97788509
 0.95187215 0.95192398 0.98821177 0.98824139 0.99262495 0.99264964
  0.96511909
 0.95509778 0.95516165 0.99647936 0.99648447 0.99633118 0.99634139
  0.99782323
 0.97616084 0.97648038 0.99731477 0.99729795 0.99730355 0.99731477
  0.99816687
 0.92098723 0.92087176 0.98927764 0.98925565 0.9906578  0.99064681
  0.99036637
 0.9573366  0.95768791 0.99486383 0.99487473 0.9954902  0.9954902
  0.9871841 
 0.95063438 0.95045554 0.99128271 0.99123672 0.99104766 0.99098634
  0.99005636
 0.92002179 0.92020153 0.98825163 0.98826797 0.99188453 0.99190632
  0.97801743
 0.92495772 0.92568331 0.98579991 0.98582546 0.98975488 0.98975999
  0.98966291
 0.95490624 0.95501807 0.99445008 0.99446568 0.9959689  0.99595329
  0.99245793
 0.93583357 0.9358968  0.99063031 0.99060832 0.99165856 0.99168605
  0.98857382
 0.94591123 0.94596614 0.99333859 0.99334336 0.99462789 0.99463744
  0.97890313
 0.93992484 0.94009017 0.99241056 0.99239482 0.99517656 0.99517656
  0.97161047
 0.94153291 0.94149167 0.98992098 0.989855   0.99428691 0.99428141
  0.98192596
 0.92365725 0.92364762 0.98983669 0.98980299 0.98947561 0.98946598
  0.97291871
 0.95196623 0.95208606 0.99663943 0.99662854 0.9959695  0.99596405
  0.99711329
 0.93827397 0.93823999 0.99069898 0.99067471 0.99099996 0.9909417
  0.99101452
 0.91330996 0.91348114 0.98660215 0.98651017 0.9873584  0.98731241
  0.97731256