0.93052507 0.9303834  0.9874281  0.98742172 0.98823587 0.98823109
  0.99548828
 0.9486637  0.94901722 0.99160716 0.99160852 0.99068699 0.99068835
  0.99604044
 0.93191883 0.9318786  0.98989603 0.98989575 0.99003979 0.99003698
  0.9905023 
 0.96110827 0.96097165 0.99186902 0.99186792 0.99126775 0.9912672
  0.99546309
 0.94965165 0.94950089 0.99143598 0.99143788 0.99150596 0.99150515
  0.99522963
 0.94624598 0.94597216 0.99040483 0.99040335 0.98970521 0.98969808
  0.98986653
 0.94993707 0.94990048 0.99218919 0.99218177 0.99146333 0.99146
  0.99466998
 0.9620005  0.96192389 0.99121991 0.99122018 0.99117731 0.99117814
  0.99084653
 0.93703181 0.9367765  0.99184491 0.99184943 0.99054362 0.99054362
  0.9936641 
 0.9534257  0.95349606 0.978787   0.97881438 0.9890325  0.98903305
  0.99411117
 0.9479405  0.94784558 0.99291714 0.99291361 0.99225977 0.99225596
  0.99605523
 0.95838931 0.95845452 0.99206789 0.99207128 0.99158036 0.99158007
  0.99070945
 0.95207885 0.95203233 0.99156777 0.99157503 0.99163901 0.99164125
  0.99567645
 0.93625579 0.93612269 0.9917456  0.99174862 0.99075552 0.9907536
  0.99332384
 0.94553507 0.94551502 0.99148081 0.99147999 0.99085863 0.99085591
  0.99830539
 0.94471799 0.94459284 0.98933672 0.98930242 0.99183805 0.99183777
  0.98401407
 0.93813858 0.93818985 0.99119568 0.99119409 0.98982354 0.98982778
  0.99772546
 0.94935455 0.94940286 0.99278381 0.99278827 0.99179752 0.99179863
  0.98508088
 0.94196627 0.94199783 0.99139094 0.99139279 0.99087966 0.99088415
  0.99550414
 0.93781443 0.93752585 0.991498   0.99149082 0.99119643 0.99118975
  0.99519126
 0.94631824 0.94611569 0.99127603 0.99127773 0.99015501 0.99015445
  0.99693195
 0.95068515 0.95085005 0.99257436 0.99257818 0.99228843 0.99228741
  0.99775902
 0.94550877 0.94564742 0.99237203 0.99237335 0.99212907 0.9921325
  0.97894359
 0.92996279 0.92999288 0.98918426 0.98918643 0.98844259 0.9884434
  0.99557763
 0.93487473 0.9347396  0.99104385 0.9910406  0.99049872 0.99050143
  0.99281155
 0.9200853  0.91994145 0.98863254 0.98862645 0.98795978 0.98795522
  0.99266301
 0.94380756 0.94386936 0.99038938 0.99038426 0.99140058 0.99140193
  0.99542144
 0.92999483 0.92983832 0.98882487 0.98881867 0.98874325 0.9887368
  0.98610708
 0.95523701 0.95521725 0.99373748 0.99373524 0.99275003 0.99275228
  0.99797464
 0.94118882 0.94118577 0.99290681 0.99290431 0.99202155 0.99202349
  0.99528897
 0.95186311 0.95185963 0.99089036 0.99088862 0.99089501 0.99089385
  0.99610379
 0.94809685 0.94810544 0.99010358 0.99010955 0.99059064 0.9905889
  0.99346776
 0.94315815 0.94326435 0.99001563 0.99000532 0.99053776 0.99053747
  0.99803456
 0.93665262 0.93681745 0.98928359 0.98928579 0.98941518 0.98941848
  0.99468314
 0.94424847 0.94409277 0.98916154 0.98916207 0.98928086 0.98928005
  0.9929734 
 0.96105665 0.96110636 0.9886593  0.9886593  0.9896425  0.98964358
  0.99583863
 0.94883142 0.94874567 0.99327219 0.99327368 0.99257544 0.99257469
  0.99380792
 0.95912522 0.95893865 0.99149892 0.99149698 0.99120599 0.99120235
  0.99292069
 0.95398164 0.95399106 0.99234639 0.99234717 0.99173507 0.99173507
  0.99413156
 0.93882257 0.93884233 0.9920566  0.99205914 0.99226804 0.99226945
  0.98191463
 0.9601083  0.96019308 0.99235068 0.99235095 0.99196077 0.99196244
  0.97946804
 0.9448644  0.94464533 0.99168347 0.99168133 0.99095467 0.99095547
  0.99773867
 0.94854819 0.94884705 0.9925906  0.99259007 0.99209039 0.99208986
  0.99537091
 0.95449036 0.95442597 0.99435819 0.99435681 0.99433433 0.99433322
  0.99814789
 0.9463797  0.94639437 0.99284901 0.99284592 0.99208126 0.99208023
  0.99766225
 0.9500378  0.95021637 0.9888805  0.98888226 0.99166426 0.99166749
  0.99500765
 0.93118541 0.93123708 0.99069732 0.99070023 0.99100359 0.99100545
  0.99351817
 0.94546848 0.94543885 0.99226102 0.99225348 0.99220098 0.9922015
  0.98053404
 0.94911043 0.94923576 0.99213709 0.9921368  0.99212202 0.99212586
  0.99569271
 0.95201713 0.95194332 0.99209923 0.99209843 0.99226877 0.99226745
  0.99187396