0.57437929 0.57341033 0.56523622 0.56504719 0.56427413 0.5640124
  0.5785035 
 0.59175146 0.59177876 0.58724598 0.5871789  0.59050652 0.59076315
  0.56585278
 0.5933261  0.59327475 0.57863235 0.57811015 0.58255827 0.5825222
  0.55988214
 0.5807745  0.58052774 0.56939147 0.569444   0.57182639 0.57192987
  0.57195535
 0.57885096 0.58068858 0.57952343 0.5800821  0.57946811 0.57974152
  0.58489919
 0.56286676 0.56343117 0.56391523 0.56348379 0.56203361 0.56133463
  0.52673596
 0.57977087 0.57923459 0.56259069 0.56299201 0.5657879  0.5654755
  0.58715876
 0.59386518 0.59819984 0.56221842 0.56304188 0.59037268 0.59038125
  0.58290076
 0.58819661 0.58854868 0.58524082 0.5847135  0.583511   0.58335374
  0.58108956
 0.56656565 0.5663092  0.55888352 0.55872926 0.56657622 0.56645485
  0.56941165
 0.58152882 0.58165987 0.565725   0.56592868 0.5649158  0.56478396
  0.55981746
 0.5778431  0.57793722 0.55258253 0.55252909 0.55545067 0.55565167
  0.57536737
 0.5985439  0.59955596 0.59784138 0.5977985  0.59909749 0.59838874
  0.56510154
 0.56326243 0.56502632 0.57962701 0.5790544  0.58318316 0.58269168
  0.55497814
 0.57400995 0.57413585 0.57024016 0.57055141 0.57590051 0.57576991
  0.55318013
 0.58815781 0.58834952 0.57516238 0.57520786 0.57616601 0.57622796
  0.56391939
 0.56574923 0.56392277 0.55520181 0.55546559 0.55429857 0.55464687
  0.57295133
 0.57191274 0.57160029 0.5626625  0.56260997 0.55519174 0.55512431
  0.54213869
 0.56061589 0.56071967 0.56107935 0.56088516 0.56021768 0.559562
  0.5443012 
 0.57734714 0.57648548 0.5622186  0.56130852 0.56333888 0.56340816
  0.56542829
 0.58573587 0.58846671 0.57820364 0.57792404 0.57179099 0.5713945
  0.54530279
 0.57911609 0.57869452 0.56676902 0.56657657 0.56709476 0.56685657
  0.58748327
 0.5864891  0.58765372 0.58922911 0.58864601 0.59375934 0.5920368
  0.56301916
 0.57555231 0.5752227  0.55779631 0.55871893 0.55698524 0.55651424
  0.55553042
 0.57822111 0.57877538 0.56382709 0.56352441 0.56540498 0.56529413
  0.54775259
 0.57529999 0.57535448 0.56696203 0.56695654 0.57155755 0.57148855
  0.5656087 
 0.57622323 0.57644069 0.56003224 0.56004341 0.55942656 0.55945928
  0.54508253
 0.58806724 0.58832123 0.57182271 0.57204302 0.57402421 0.57374526
  0.55846715
 0.59741021 0.59771685 0.57816224 0.57830785 0.58766851 0.58736069
  0.54677485
 0.58616035 0.58578856 0.56291934 0.56270018 0.57863303 0.5785845
  0.56045223
 0.56804243 0.56838849 0.5557947  0.55580989 0.56369824 0.56377656
  0.53848149
 0.61441011 0.61175981 0.59764491 0.5978107  0.60846667 0.60656477
  0.56404334
 0.58290356 0.58282519 0.56547674 0.56537044 0.56471947 0.564915
  0.54126828
 0.58496173 0.58573813 0.57530728 0.57551729 0.57595057 0.57550324
  0.59261292
 0.57668155 0.57645103 0.56660292 0.56702005 0.56770142 0.56772887
  0.57165792
 0.58267765 0.58268708 0.57854188 0.57858591 0.58278025 0.58277317
  0.54565227
 0.59230438 0.59231504 0.57886418 0.57908118 0.57846964 0.57892179
  0.55133396
 0.58607533 0.58758991 0.58080489 0.57987569 0.5821375  0.58136146
  0.58339116
 0.58641386 0.59137788 0.5759936  0.57578468 0.57770525 0.57742986
  0.53265076
 0.58157392 0.58037295 0.56500082 0.56304366 0.56060408 0.55994045
  0.57256353
 0.58241056 0.58217441 0.57223837 0.57222886 0.57017635 0.56998536
  0.58627467
 0.58394223 0.583931   0.58302578 0.5824731  0.59650184 0.59640398
  0.55434062
 0.56389837 0.56431017 0.55558382 0.55509154 0.55771938 0.55711483
  0.53048786
 0.57874779 0.57871576 0.57385218 0.57403033 0.57235744 0.57259966
  0.58077737
 0.58019467 0.58005489 0.57951263 0.57943119 0.56929302 0.56920375
  0.56710831
 0.57448655 0.57419187 0.57177638 0.5719684  0.5891072  0.5892859
  0.54619279
 0.58713196 0.58701529 0.58818076 0.58803681 0.58219087 0.58185392
  0.57479228
 0.5650376  0.56487476 0.54477622 0.54475826 0.54352346 0.54357579
  0.56902865
 0.57136304 0.57139888 0.54722734 0.546685   0.55188142 0.55169746
  0.56211181
 0.57222033 0.57245962 0.57738038 0.57707364 0.58089028 0.5812974
  0.54430736