0.98920877 0.98925565 0.99573726 0.99574351 0.99580601 0.99582477
  0.99748736
 0.99337396 0.99350211 0.99606188 0.99606188 0.99574308 0.99574308
  0.99800594
 0.99274918 0.99283993 0.99703959 0.99703333 0.9970521  0.99702081
  0.99695822
 0.99463659 0.99472744 0.99599624 0.99600877 0.99583333 0.99582707
  0.99730576
 0.99702796 0.99712171 0.99824365 0.9982499  0.99798114 0.99798114
  0.99884994
 0.99598747 0.99608748 0.99708123 0.99707498 0.99713748 0.99714373
  0.99641873
 0.99267901 0.99251333 0.99633638 0.99633013 0.99631137 0.99629887
  0.99856206
 0.99037716 0.99010839 0.99665592 0.99666842 0.99677468 0.99677468
  0.99834358
 0.99573413 0.99580303 0.9977825  0.99774491 0.99775118 0.99774491
  0.99967427
 0.99131645 0.99130707 0.99621013 0.99621639 0.99580988 0.9958349
  0.99757348
 0.99435937 0.99425937 0.996725   0.9967125  0.99711875 0.99710625
  0.999     
 0.99325829 0.993202   0.99790494 0.99789869 0.99764853 0.99763602
  0.99929956
 0.99537428 0.99529927 0.99731208 0.99731833 0.99732458 0.99731208
  0.99854977
 0.99473171 0.99478486 0.99737992 0.99736742 0.99742995 0.99744246
  0.99856177
 0.99416016 0.99413828 0.99706132 0.99706132 0.99681748 0.99681748
  0.9990121 
 0.98965313 0.98972812 0.995225   0.99520625 0.99533125 0.99533125
  0.99800625
 0.99678678 0.99658361 0.99684929 0.99683679 0.99676802 0.99675552
  0.99905604
 0.98856724 0.98860479 0.99548197 0.99549448 0.99531927 0.99533804
  0.99905509
 0.99261084 0.99247643 0.99606161 0.99608037 0.99660549 0.99661174
  0.99698682
 0.99352614 0.99356678 0.99783059 0.99781808 0.99753049 0.997543
  0.9985183 
 0.99422105 0.99424608 0.99678356 0.9967773  0.99696503 0.99697129
  0.99898626
 0.99001538 0.98986225 0.99576864 0.99574989 0.99604365 0.9960499
  0.99779994
 0.99450635 0.99427458 0.99708718 0.99706212 0.9969619  0.9969619
  0.99924204
 0.99805478 0.99810482 0.99868651 0.998674   0.99838002 0.99837377
  0.9995997 
 0.99043384 0.99054947 0.99700608 0.99700608 0.99678107 0.99678732
  0.995556  
 0.99050669 0.99066319 0.99742087 0.99741461 0.99713917 0.99717673
  0.99939904
 0.99728743 0.99719368 0.99864997 0.99864372 0.99852496 0.99852496
  0.99783745
 0.99785279 0.99774965 0.99794968 0.99792468 0.99781216 0.99781216
  0.99910611
 0.99459962 0.99422707 0.99675664 0.99674412 0.99654376 0.99654376
  0.99874774
 0.99326724 0.99331725 0.99706809 0.99706809 0.99702433 0.99702433
  0.99882474
 0.9911152  0.99088385 0.9945103  0.99448529 0.99440401 0.994379
  0.99846814
 0.98953202 0.98968205 0.995574   0.995574   0.99523643 0.99523643
  0.99651172
 0.99136125 0.99152696 0.99722985 0.99722985 0.99697972 0.99698597
  0.99924337
 0.99683823 0.99710719 0.99782961 0.99783586 0.99749811 0.99750436
  0.99934325
 0.99247448 0.9925558  0.99622786 0.99623411 0.9959964  0.99598389
  0.99841733
 0.99423423 0.99424986 0.99688117 0.99688117 0.99691242 0.99692492
  0.99890622
 0.99291527 0.9929184  0.99681782 0.99677397 0.99678024 0.99676771
  0.99533322
 0.99223982 0.99223044 0.99651073 0.99651073 0.99667957 0.99667957
  0.99849299
 0.99254258 0.99242069 0.99595562 0.99594312 0.99599937 0.99598062
  0.99739959
 0.99502912 0.99515738 0.99669651 0.99669651 0.99683416 0.99684041
  0.99703437
 0.99503075 0.9950495  0.99828733 0.99828733 0.99807481 0.99806856
  0.99887489
 0.99580406 0.99584793 0.99715466 0.99714212 0.99718599 0.99717973
  0.99838931
 0.99426193 0.99433068 0.99749975 0.9974935  0.99749975 0.99749975
  0.99904365
 0.99082357 0.99078919 0.99685576 0.99685576 0.99657446 0.99657446
  0.99704954
 0.99568707 0.99563706 0.99790604 0.99790604 0.99788104 0.99787479
  0.9989624 
 0.99306233 0.9930467  0.99659366 0.99659991 0.99639366 0.99639991
  0.99818745
 0.99331794 0.99319907 0.996684   0.99667774 0.99655887 0.99655261
  0.99737848
 0.99687469 0.99662466 0.99767477 0.99763726 0.99736224 0.99734348
  0.99816857
 0.99630477 0.99621411 0.99739896 0.99738645 0.99735519 0.99736144
  0.99902461
 0.99682715 0.99658333 0.99741796 0.99742421 0.99741171 0.99740546
  0.99913724