0.9565615  0.9566073  0.96940757 0.96944298 0.96775907 0.96778349
  0.96350839
 0.96467369 0.96441131 0.97264711 0.97261131 0.97294839 0.97294346
  0.96901323
 0.9575834  0.95784471 0.9699191  0.96992534 0.96773884 0.96782241
  0.95835048
 0.94002619 0.94005509 0.96022588 0.96035498 0.95492635 0.95510341
  0.95514644
 0.96327558 0.96326007 0.97263956 0.97270532 0.97259116 0.9725589
  0.96242189
 0.9576352  0.95754232 0.96711274 0.96703086 0.96411121 0.96409044
  0.96150993
 0.95194676 0.95202985 0.96774644 0.96770055 0.96730616 0.96724291
  0.96594317
 0.95682249 0.95668928 0.96887809 0.96888298 0.96711824 0.96710846
  0.96233853
 0.94706787 0.94695247 0.9655458  0.96550013 0.96659854 0.96656892
  0.9638229 
 0.9496791  0.94953061 0.9696231  0.96955263 0.96633235 0.96625684
  0.95971937
 0.94847098 0.94756684 0.96393115 0.96386513 0.95863593 0.95858092
  0.95156974
 0.93644995 0.93611519 0.95534321 0.95526306 0.95378593 0.95372551
  0.95594429
 0.95217681 0.95222164 0.96373022 0.96375637 0.96589955 0.96592072
  0.96506021
 0.95999392 0.95996314 0.96884989 0.96875385 0.96667791 0.96667914
  0.95602489
 0.9567551  0.95662358 0.96814367 0.96809755 0.96673748 0.96673498
  0.96026249
 0.94426599 0.94431153 0.96161164 0.96156364 0.95825672 0.95826534
  0.95656572
 0.94877725 0.94866934 0.96325133 0.96320105 0.96079504 0.96081711
  0.95863858
 0.94978531 0.94965458 0.96470366 0.96461441 0.96136514 0.96134001
  0.95931817
 0.9497674  0.94875072 0.96075936 0.96069815 0.96071039 0.96066143
  0.96129678
 0.95529751 0.95543854 0.96970292 0.9696931  0.96957661 0.96957415
  0.95744845
 0.95767492 0.95769541 0.97120011 0.971179   0.96909352 0.9691047
  0.96261971
 0.95554976 0.95521854 0.9639011  0.96373457 0.96771657 0.96761418
  0.96180278
 0.94296168 0.94293725 0.9626724  0.96264675 0.96264675 0.96266996
  0.95803516
 0.95023947 0.95040084 0.96714783 0.96709116 0.96524955 0.96525448
  0.96683124
 0.9520854  0.95242083 0.97088888 0.97094887 0.96771947 0.96776354
  0.9629684 
 0.94444735 0.94456049 0.96314892 0.96314643 0.95947599 0.95940761
  0.95971721
 0.95121121 0.95072608 0.96970809 0.9695985  0.96553898 0.96548727
  0.97034097
 0.95174097 0.95227562 0.96641463 0.9664768  0.96523343 0.96526327
  0.96330496
 0.95688788 0.95736001 0.96727274 0.96740406 0.96528544 0.96538674
  0.96369585
 0.95137463 0.95152867 0.96381073 0.96381926 0.96427467 0.96428197
  0.96182106
 0.9460232  0.94611559 0.96379424 0.96381938 0.96037151 0.96033254
  0.95984987
 0.95627911 0.95630837 0.96702509 0.9670385  0.96306049 0.96308244
  0.96171824
 0.94772694 0.94828835 0.95968961 0.95973716 0.95810231 0.95811938
  0.9625954 
 0.9583028  0.95824753 0.97008161 0.97000956 0.96982946 0.96983815
  0.96085655
 0.94521286 0.94492662 0.95874395 0.95878818 0.95990364 0.95986801
  0.95545961
 0.95656419 0.95632088 0.96657937 0.96660382 0.96589103 0.96589959
  0.96675421
 0.95574805 0.9562269  0.96906091 0.96904343 0.96720045 0.96724041
  0.96503658
 0.95781646 0.9576012  0.96640342 0.96638862 0.96573852 0.96570891
  0.96184904
 0.94707973 0.94696783 0.96159871 0.96158519 0.95850138 0.95848416
  0.95995229
 0.95261052 0.9525523  0.96337033 0.96329923 0.96169593 0.96167999
  0.96124117
 0.94457042 0.94470288 0.96360064 0.96361445 0.9614047  0.96145366
  0.96382538
 0.94783503 0.94797134 0.95916945 0.95906876 0.959765   0.95974658
  0.95787398
 0.9533365  0.95298756 0.96618497 0.96612209 0.96412463 0.96407038
  0.96384597
 0.95959705 0.95943315 0.97169029 0.97169029 0.96880856 0.9687792
  0.96661179
 0.95557541 0.95546058 0.96757289 0.96753709 0.96394889 0.9638674
  0.96344264
 0.95082848 0.95060676 0.96447167 0.96443068 0.9629973  0.96298737
  0.96062676
 0.95733756 0.95683254 0.96931287 0.96926945 0.96837852 0.96830035
  0.96424902
 0.9508808  0.95139735 0.96328602 0.9632885  0.96116773 0.96114913
  0.95445075
 0.957152   0.95704455 0.96821598 0.96825324 0.96923325 0.9691873
  0.9628259 
 0.94453772 0.94453332 0.96342509 0.96334712 0.96049845 0.96040035
  0.96462619