0.67919896 0.6792811  0.74289402 0.74280789 0.74412792 0.74406662
  0.7062358 
 0.68560376 0.68546866 0.74015915 0.74012437 0.74322636 0.74316965
  0.71550056
 0.68058217 0.68070755 0.72619426 0.72612302 0.72769784 0.72763658
  0.71081294
 0.67074015 0.67067658 0.72803139 0.72804396 0.73019445 0.73018082
  0.71020938
 0.68908187 0.68908312 0.73612055 0.73612573 0.73805205 0.73805637
  0.71437712
 0.68471267 0.68473274 0.73537355 0.7354421  0.73684335 0.73690863
  0.70642188
 0.68425668 0.6843924  0.72893746 0.72892306 0.72935263 0.72932533
  0.70935607
 0.68873091 0.68872188 0.73791203 0.73790522 0.74038047 0.74038585
  0.72037785
 0.67821919 0.67816419 0.73290063 0.73283282 0.73456533 0.73451598
  0.71167817
 0.68604808 0.68617411 0.73658292 0.73659805 0.74154278 0.74153192
  0.71361386
 0.67523359 0.67519236 0.73650742 0.73650373 0.73707925 0.73704527
  0.7241903 
 0.68296444 0.68306344 0.73586645 0.73582707 0.73734201 0.73731894
  0.7201819 
 0.67108706 0.67112649 0.72740756 0.72742556 0.72952297 0.72950238
  0.709097  
 0.67937708 0.67943455 0.73252407 0.73246742 0.7354564  0.73537284
  0.71997008
 0.68107687 0.68114021 0.73372693 0.73372507 0.73517398 0.73514261
  0.72431616
 0.69319916 0.69322085 0.74385217 0.74376432 0.74902979 0.74896916
  0.70930392
 0.67844906 0.67824992 0.72907131 0.72906203 0.73180613 0.73180965
  0.70813341
 0.67466842 0.67466395 0.73528124 0.73528368 0.73484141 0.7348286
  0.71820252
 0.66956196 0.66958731 0.72374997 0.72374985 0.72555662 0.72554788
  0.71203455
 0.68345964 0.68350045 0.73707385 0.73705721 0.73846131 0.7384332
  0.71912555
 0.6727095  0.67276301 0.73204148 0.73203427 0.73492107 0.73490438
  0.71843456
 0.66950733 0.66949665 0.73657424 0.73658168 0.736981   0.73696547
  0.70781393
 0.68229682 0.68224641 0.72863081 0.72863189 0.73155303 0.73158894
  0.71070215
 0.67334903 0.67334327 0.72502682 0.72504186 0.72594912 0.72595873
  0.70926507
 0.67979723 0.67978786 0.73858552 0.73853361 0.74076446 0.74077843
  0.71488532
 0.67209898 0.67210456 0.73633609 0.73635209 0.73814163 0.73815656
  0.71248657
 0.67397266 0.67392963 0.734354   0.73427759 0.73581964 0.73573803
  0.71684023
 0.68348227 0.6833654  0.73206187 0.7320488  0.73419929 0.73419674
  0.71590982
 0.68010125 0.68018274 0.7344475  0.73441567 0.73543278 0.73540204
  0.71597665
 0.68007516 0.68013548 0.73600963 0.7359552  0.73862081 0.7385625
  0.7200917 
 0.68625435 0.68622271 0.72821347 0.72821618 0.72968106 0.72967227
  0.70643629
 0.67990951 0.67995949 0.73280358 0.73278018 0.73598556 0.73594203
  0.71097344
 0.67720333 0.67738365 0.72704374 0.72702907 0.72838417 0.7283936
  0.71327461
 0.68263283 0.68266987 0.73784878 0.73782261 0.74126179 0.74124973
  0.71408129
 0.68331866 0.68331489 0.73246191 0.73248551 0.73268954 0.7326906
  0.7135897 
 0.67805773 0.67815441 0.73229171 0.73225145 0.73372841 0.73373707
  0.71226991
 0.680271   0.68028862 0.73330227 0.73329176 0.73373533 0.73374038
  0.71776815
 0.67562285 0.67564542 0.72817771 0.7281535  0.72943902 0.72941369
  0.71003037
 0.6799817  0.67994854 0.73209716 0.73202463 0.73364558 0.73357827
  0.72082259
 0.66687522 0.66673377 0.73121503 0.73113493 0.73401713 0.73391028
  0.7182853 
 0.68033333 0.68029953 0.73250003 0.73246665 0.73560345 0.73558947
  0.70697346
 0.68018368 0.6802435  0.73217898 0.73219916 0.73193773 0.73195881
  0.7170681 
 0.68653534 0.68655419 0.73312626 0.73318902 0.73314649 0.7332008
  0.71514637
 0.67755268 0.67756425 0.72894696 0.72893755 0.7310991  0.73111316
  0.71491915
 0.6959751  0.69595557 0.74847946 0.74848975 0.74983729 0.74986849
  0.72049154
 0.67677056 0.67669853 0.73253593 0.73250786 0.73367271 0.73365471
  0.70460413
 0.6752267  0.6752305  0.73235868 0.73239623 0.73430419 0.73432941
  0.71817761
 0.69034313 0.69056664 0.73990738 0.73999327 0.74120448 0.74126965
  0.71381436
 0.67492817 0.67495559 0.7286158  0.72860034 0.72871717 0.72871522
  0.71520734
 0.68505324 0.68506977 0.7326229  0.7325415  0.73297855 0.73287816
  0.71767106