0.97597539 0.9760219  0.99229686 0.9922934  0.99231015 0.99230842
  0.99370699
 0.96968227 0.96965899 0.99283134 0.99282929 0.99262963 0.9926308
  0.99419923
 0.98095768 0.98094959 0.9923072  0.99230262 0.99219854 0.99219915
  0.99378121
 0.98471417 0.98467314 0.99243598 0.99242847 0.99214414 0.99213783
  0.99405266
 0.98873718 0.98878912 0.9929445  0.99294836 0.99311666 0.99311607
  0.99496157
 0.97485413 0.97480716 0.99370757 0.99370644 0.99351119 0.99351204
  0.99487777
 0.98833902 0.98830012 0.99364748 0.99365073 0.99315518 0.99315252
  0.99510307
 0.96891519 0.96893023 0.99257615 0.9925747  0.99246052 0.99245532
  0.99377448
 0.97748059 0.97750612 0.99351864 0.9935204  0.99334549 0.99334373
  0.99525343
 0.96694454 0.96689804 0.99234424 0.99234215 0.99214573 0.99214305
  0.99400498
 0.98260237 0.98267234 0.99335332 0.99335302 0.99300377 0.99300172
  0.99471418
 0.98134552 0.98125199 0.9927971  0.99279507 0.99254712 0.99254683
  0.99406669
 0.98053497 0.98047584 0.99202236 0.99202438 0.99181837 0.99182038
  0.99427666
 0.9885103  0.98851089 0.99339528 0.99339528 0.99300256 0.99300107
  0.99476566
 0.98786812 0.98782713 0.99423883 0.99423519 0.99391395 0.99391182
  0.99555418
 0.98569446 0.98568277 0.99261201 0.99260752 0.99236369 0.99236159
  0.99402497
 0.98437337 0.98434864 0.99258374 0.99258256 0.99219261 0.99219231
  0.99505257
 0.98520158 0.98514811 0.99326448 0.99326389 0.99294688 0.99294044
  0.99403533
 0.98702646 0.98699643 0.99326184 0.99325686 0.99304796 0.9930424
  0.99488969
 0.97021476 0.97017579 0.99219947 0.99220005 0.99194867 0.99194779
  0.99384196
 0.975821   0.97577185 0.99378783 0.99378841 0.99344536 0.99344217
  0.99485668
 0.97517856 0.97507188 0.99407627 0.99407484 0.99385861 0.99385775
  0.99562193
 0.97189383 0.9718902  0.99144496 0.99144405 0.99110756 0.99110817
  0.99378888
 0.9672022  0.96725613 0.99238399 0.9923804  0.99207324 0.99207443
  0.99396656
 0.98768986 0.98767525 0.99350992 0.99350217 0.99313229 0.99312603
  0.99503878
 0.98018312 0.98016777 0.99383252 0.99383106 0.99363331 0.99363097
  0.99591394
 0.97973146 0.97972559 0.99267409 0.99267584 0.99256295 0.99256413
  0.9938464 
 0.9854652  0.9854275  0.99232777 0.99232337 0.99198443 0.99198384
  0.9945142 
 0.97833374 0.97836188 0.99380324 0.99380383 0.99349474 0.99349474
  0.99611373
 0.97496626 0.97499953 0.99307425 0.99307104 0.99265694 0.99266074
  0.99501105
 0.97473204 0.97472478 0.99314405 0.99314253 0.99287806 0.99288048
  0.99479714
 0.98546234 0.98546219 0.9926202  0.99261727 0.99236911 0.99236852
  0.9944045 
 0.98704645 0.98695946 0.99254691 0.9925404  0.99230846 0.99230372
  0.99370059
 0.98107136 0.98101455 0.99368495 0.99368262 0.99359734 0.99359471
  0.99513003
 0.97649769 0.97642335 0.99354418 0.99353652 0.99333574 0.99332955
  0.99514371
 0.97202706 0.97207342 0.99311701 0.99311701 0.99271803 0.99271774
  0.99493374
 0.98041332 0.98043022 0.99357619 0.99357852 0.99324579 0.99324171
  0.99392655
 0.98256547 0.98256562 0.99293625 0.99293507 0.99250335 0.99250335
  0.99391292
 0.97077264 0.97079857 0.99136209 0.99136535 0.99101923 0.99101923
  0.99360269
 0.97746974 0.97748362 0.99217718 0.99217429 0.9921416  0.9921416
  0.99401247
 0.98872654 0.98872245 0.99390088 0.99389971 0.99348028 0.99347911
  0.99523706
 0.98853447 0.98853055 0.99380682 0.99380595 0.99356005 0.99356034
  0.99448073
 0.97387814 0.97389172 0.99115255 0.99115105 0.99102059 0.99102089
  0.99311161
 0.97936696 0.97941096 0.99406846 0.9940673  0.99394735 0.99394532
  0.99510095
 0.97797288 0.97797521 0.9921661  0.99216552 0.99186261 0.99186174
  0.99448986
 0.97267508 0.97262517 0.99199847 0.99199669 0.99191588 0.9919141
  0.99420182
 0.98707643 0.98715541 0.9934985  0.9935009  0.99334895 0.99335165
  0.9953048 
 0.98616877 0.98617072 0.99263273 0.99262793 0.99225135 0.99225075
  0.99472778
 0.97530842 0.97530538 0.99287091 0.99287149 0.99267853 0.99267795
  0.99518961
 0.97430393 0.97428578 0.9920947  0.99209647 0.99176711 0.99176297
  0.99299041