0.99491697 0.99489958 0.99826923 0.99826822 0.9980098  0.99800821
  0.98062226
 0.99204697 0.99210217 0.99722043 0.99721608 0.9972493  0.99724829
  0.97983486
 0.99251172 0.99238701 0.99734326 0.9973389  0.99714921 0.99714601
  0.98018886
 0.99018659 0.99017355 0.99752517 0.99752502 0.99723019 0.9972286
  0.9813564 
 0.98974809 0.98970427 0.99697736 0.99697083 0.99720748 0.99720588
  0.98049872
 0.98844115 0.98845828 0.99660205 0.9966022  0.99642207 0.99642106
  0.98077541
 0.9925721  0.99254889 0.99785153 0.99785153 0.9975854  0.99758352
  0.98097198
 0.9913411  0.99140604 0.99684846 0.99685034 0.99672249 0.99672336
  0.97910998
 0.99211502 0.99214608 0.99769266 0.99769658 0.99742806 0.99742908
  0.98059797
 0.99323647 0.99320093 0.99823877 0.99823805 0.99799418 0.99799287
  0.9804945 
 0.98985688 0.9898961  0.99725352 0.9972573  0.99696755 0.99697075
  0.97912302
 0.99045655 0.99041971 0.99752443 0.99752457 0.99729182 0.9972924
  0.97878324
 0.99216275 0.99206805 0.99735556 0.99735237 0.9972985  0.99729676
  0.98041619
 0.99053326 0.99047625 0.99700305 0.99699971 0.99680144 0.99679825
  0.97951266
 0.99195077 0.99189433 0.99668391 0.99667535 0.99687456 0.99686948
  0.98040961
 0.98875106 0.98875186 0.99737332 0.99737215 0.99701885 0.99701609
  0.9817011 
 0.98888273 0.98890342 0.99700317 0.99700767 0.99676347 0.99676579
  0.97861822
 0.9912991  0.9912991  0.99699239 0.99699529 0.99701879 0.99701806
  0.9798519 
 0.9932472  0.99328255 0.99700878 0.99700212 0.99718437 0.99718075
  0.98153738
 0.99408776 0.99408282 0.99806797 0.99806942 0.99799029 0.99798927
  0.98166061
 0.99279629 0.99286277 0.9973687  0.99737189 0.99752196 0.99752399
  0.97987772
 0.99258603 0.99257704 0.99758301 0.99758301 0.99730108 0.99730195
  0.97901168
 0.99154044 0.99158281 0.9966681  0.99667071 0.99645398 0.99645485
  0.97886939
 0.99525913 0.99503041 0.99745708 0.99745462 0.99740954 0.99740534
  0.98041558
 0.99205084 0.99205497 0.99726923 0.99727039 0.99701564 0.99701694
  0.98092255
 0.99007871 0.99006362 0.99750147 0.99750162 0.99733713 0.99733727
  0.9813528 
 0.99045417 0.9903981  0.9973419  0.99734146 0.99699333 0.99699391
  0.97720489
 0.9917034  0.99169339 0.99781326 0.9978137  0.99753658 0.99753586
  0.98030761
 0.99106532 0.99106126 0.99633307 0.99633394 0.99637367 0.99637425
  0.98047074
 0.9935345  0.99352979 0.99685528 0.99685963 0.99672365 0.99672568
  0.981451  
 0.99280631 0.99283768 0.9977157  0.99771266 0.99756244 0.99755954
  0.98166132
 0.99173813 0.99176931 0.99679237 0.99679107 0.99690014 0.99690072
  0.97762899
 0.99261639 0.99264921 0.99741811 0.99741695 0.99741246 0.99741304
  0.9804507 
 0.99533241 0.99522426 0.99801232 0.99801232 0.99775475 0.9977533
  0.98103844
 0.99335881 0.99333639 0.99801683 0.99801363 0.99789988 0.99789785
  0.97895018
 0.98999042 0.98998774 0.99774528 0.99774717 0.9975894  0.99758897
  0.98131415
 0.99147114 0.99141901 0.99752014 0.99751869 0.99718638 0.99718334
  0.97886995
 0.99171584 0.99167741 0.99767924 0.99768054 0.9974366  0.99743675
  0.97958557
 0.99249665 0.99243294 0.99687007 0.99686441 0.99705004 0.99704786
  0.98054383
 0.99351827 0.99342795 0.99777366 0.99777568 0.99767139 0.99767052
  0.97952471
 0.99016006 0.99004809 0.99453666 0.99452288 0.99528711 0.99528146
  0.9798124 
 0.99004022 0.9900442  0.99793509 0.9979361  0.99764232 0.9976413
  0.97993245
 0.98803324 0.98794688 0.99668447 0.99667866 0.99664543 0.99664209
  0.97958099
 0.99096238 0.99093129 0.99758614 0.99758585 0.99725596 0.99725582
  0.97884258
 0.99211102 0.99215552 0.99806744 0.99807193 0.99795437 0.99795726
  0.98186871
 0.99104816 0.99098252 0.99703542 0.99703571 0.9969861  0.99698494
  0.98109768
 0.99094099 0.99087705 0.99612805 0.99612906 0.99641249 0.99640945
  0.9802479 
 0.99200892 0.99195124 0.99727737 0.99727577 0.99692897 0.9969297
  0.97788196
 0.99392421 0.99385225 0.99786841 0.99786943 0.99770692 0.99770765
  0.9801751 
 0.99216264 0.99228596 0.99650495 0.99651639 0.99658301 0.99659011
  0.97850895