0.96974886 0.96974886 0.9750761  0.97488584 0.972793   0.972793
  0.51541096
 0.96993912 0.96993912 0.97165145 0.97146119 0.97127093 0.97146119
  0.52187976
 0.96765601 0.96765601 0.97127093 0.97127093 0.96917808 0.96917808
  0.53120244
 0.96575342 0.96575342 0.96784627 0.96784627 0.96708524 0.96708524
  0.51217656
 0.96232877 0.96232877 0.96461187 0.96461187 0.96499239 0.96499239
  0.52283105
 0.96099696 0.96099696 0.96347032 0.96347032 0.96251903 0.96251903
  0.52454338
 0.96727549 0.96727549 0.9695586  0.9695586  0.9663242  0.9663242
  0.52016743
 0.96499239 0.96499239 0.96746575 0.96746575 0.96727549 0.96727549
  0.52910959
 0.96879756 0.96879756 0.97050989 0.97050989 0.97050989 0.97050989
  0.52454338
 0.97222222 0.97222222 0.97374429 0.97374429 0.97317352 0.97317352
  0.52207002
 0.96156773 0.96156773 0.96556317 0.96556317 0.96289954 0.96289954
  0.52758752
 0.96537291 0.96537291 0.97012938 0.97012938 0.96879756 0.96879756
  0.51959665
 0.96936834 0.96936834 0.97146119 0.97146119 0.97070015 0.97070015
  0.50589802
 0.96442161 0.96442161 0.96708524 0.96708524 0.96651446 0.96651446
  0.5207382 
 0.96651446 0.96651446 0.96917808 0.96917808 0.96841705 0.96841705
  0.52245053
 0.96175799 0.96175799 0.96232877 0.96251903 0.96099696 0.96099696
  0.52872907
 0.96137747 0.96137747 0.96575342 0.96556317 0.96366058 0.96366058
  0.52606545
 0.96746575 0.96746575 0.9695586  0.9695586  0.96841705 0.96841705
  0.51921613
 0.96594368 0.96594368 0.97012938 0.97012938 0.96822679 0.96841705
  0.51179604
 0.96974886 0.96974886 0.97203196 0.97203196 0.97146119 0.97146119
  0.52644597
 0.96917808 0.96917808 0.97070015 0.97070015 0.96993912 0.96993912
  0.51883562
 0.96822679 0.96822679 0.96879756 0.96879756 0.96803653 0.96803653
  0.51997717
 0.96347032 0.96347032 0.96708524 0.96727549 0.9663242  0.96613394
  0.51160578
 0.96803653 0.96803653 0.96841705 0.96822679 0.96803653 0.96803653
  0.51617199
 0.96366058 0.96366058 0.96746575 0.96727549 0.96803653 0.96803653
  0.52207002
 0.96518265 0.96518265 0.9663242  0.96651446 0.96575342 0.96556317
  0.52111872
 0.96442161 0.96442161 0.96784627 0.96784627 0.96689498 0.96689498
  0.52758752
 0.9663242  0.9663242  0.96841705 0.96822679 0.96879756 0.96879756
  0.52245053
 0.96385084 0.96385084 0.96556317 0.96556317 0.96594368 0.96594368
  0.51864536
 0.96347032 0.96347032 0.96860731 0.96841705 0.96518265 0.96518265
  0.51750381
 0.96518265 0.96518265 0.96765601 0.96784627 0.96689498 0.96689498
  0.51503044
 0.96708524 0.96708524 0.97070015 0.97070015 0.96879756 0.96879756
  0.5207382 
 0.96613394 0.96613394 0.96879756 0.96879756 0.96708524 0.96708524
  0.51426941
 0.96898782 0.96898782 0.97012938 0.97031963 0.97127093 0.97127093
  0.51103501
 0.9695586  0.9695586  0.97241248 0.97222222 0.97127093 0.97127093
  0.52283105
 0.96765601 0.96765601 0.96841705 0.96841705 0.96822679 0.96822679
  0.52435312
 0.96270928 0.96270928 0.96670472 0.96670472 0.96556317 0.96556317
  0.51826484
 0.96936834 0.96936834 0.97146119 0.97146119 0.97089041 0.97089041
  0.52016743
 0.9663242  0.9663242  0.97127093 0.97127093 0.96993912 0.96974886
  0.52416286
 0.97203196 0.97203196 0.97469559 0.97469559 0.97317352 0.97317352
  0.51065449
 0.95776256 0.95776256 0.95947489 0.95966514 0.95928463 0.95928463
  0.5207382 
 0.96746575 0.96746575 0.96917808 0.96917808 0.96898782 0.96898782
  0.51921613
 0.96251903 0.96251903 0.96366058 0.96366058 0.96347032 0.96347032
  0.52435312
 0.96575342 0.96575342 0.96860731 0.96860731 0.96841705 0.96841705
  0.51598174
 0.96860731 0.96860731 0.97374429 0.97374429 0.97146119 0.97146119
  0.51731355
 0.96651446 0.96651446 0.96822679 0.96822679 0.96708524 0.96708524
  0.5216895 
 0.96898782 0.96898782 0.97012938 0.97012938 0.9695586  0.9695586
  0.50761035
 0.96613394 0.96613394 0.97070015 0.97070015 0.96841705 0.96841705
  0.52321157
 0.97012938 0.97012938 0.96974886 0.9695586  0.96974886 0.96974886
  0.527207  
 0.96480213 0.96480213 0.96746575 0.96746575 0.96651446 0.96651446
  0.50799087