0.95826087 0.95826087 0.95826087 0.95826087 0.95608696 0.95608696
  0.93673913
 0.95891304 0.95891304 0.95869565 0.95869565 0.95608696 0.95586957
  0.9376087 
 0.96195652 0.96195652 0.96217391 0.96217391 0.95695652 0.95695652
  0.935     
 0.96152174 0.96152174 0.96       0.96       0.95891304 0.95891304
  0.9373913 
 0.96391304 0.96391304 0.96434783 0.96413043 0.96       0.96
  0.93847826
 0.96347826 0.96347826 0.96326087 0.96326087 0.95978261 0.95978261
  0.94108696
 0.96586957 0.96586957 0.96304348 0.96304348 0.96173913 0.96173913
  0.93782609
 0.95326087 0.95326087 0.95652174 0.95652174 0.95282609 0.95282609
  0.93652174
 0.96043478 0.96043478 0.96173913 0.96152174 0.95695652 0.95695652
  0.93978261
 0.95652174 0.95652174 0.95804348 0.95804348 0.95608696 0.95608696
  0.93543478
 0.95891304 0.95891304 0.95978261 0.95978261 0.95673913 0.95673913
  0.93847826
 0.95913043 0.95913043 0.95826087 0.95826087 0.95652174 0.95652174
  0.94065217
 0.95826087 0.95826087 0.95717391 0.95695652 0.95565217 0.95565217
  0.9326087 
 0.95913043 0.95913043 0.96043478 0.96043478 0.95695652 0.95695652
  0.93086957
 0.96826087 0.96826087 0.96630435 0.96630435 0.965      0.965
  0.93826087
 0.96217391 0.96217391 0.96413043 0.96413043 0.96       0.96
  0.94      
 0.95782609 0.95782609 0.96021739 0.96021739 0.95956522 0.95934783
  0.94130435
 0.96391304 0.96391304 0.96413043 0.96413043 0.96152174 0.96152174
  0.93456522
 0.95826087 0.95826087 0.95978261 0.95978261 0.95847826 0.95847826
  0.93434783
 0.9573913  0.9573913  0.95913043 0.95891304 0.95586957 0.95586957
  0.93108696
 0.95565217 0.95565217 0.95652174 0.95652174 0.95391304 0.95369565
  0.93652174
 0.95434783 0.95434783 0.9573913  0.9573913  0.95565217 0.95565217
  0.93586957
 0.95869565 0.95869565 0.95956522 0.95956522 0.95543478 0.95543478
  0.93369565
 0.95304348 0.95304348 0.95478261 0.95478261 0.95130435 0.95130435
  0.93586957
 0.96456522 0.96456522 0.96543478 0.96543478 0.96152174 0.96173913
  0.93456522
 0.95978261 0.95978261 0.9623913  0.9623913  0.95934783 0.95934783
  0.93673913
 0.95673913 0.95673913 0.95869565 0.95869565 0.95565217 0.95543478
  0.94130435
 0.95586957 0.95586957 0.95826087 0.95826087 0.95586957 0.95586957
  0.93195652
 0.96282609 0.96282609 0.96326087 0.96326087 0.96173913 0.96173913
  0.94456522
 0.9573913  0.9573913  0.95869565 0.95869565 0.95695652 0.95717391
  0.93891304
 0.96173913 0.96173913 0.96195652 0.96195652 0.95913043 0.95913043
  0.94      
 0.9576087  0.9576087  0.95978261 0.95978261 0.95673913 0.95652174
  0.93782609
 0.96282609 0.96282609 0.96152174 0.96152174 0.96021739 0.96043478
  0.93369565
 0.96195652 0.96195652 0.96021739 0.96021739 0.9573913  0.9573913
  0.93847826
 0.9623913  0.9623913  0.96282609 0.96282609 0.96086957 0.96086957
  0.93956522
 0.955      0.955      0.95869565 0.95869565 0.95652174 0.95673913
  0.93913043
 0.95847826 0.95847826 0.96130435 0.96108696 0.95804348 0.95804348
  0.93934783
 0.96043478 0.96043478 0.96152174 0.96152174 0.95934783 0.95934783
  0.93586957
 0.95391304 0.95391304 0.95673913 0.95673913 0.95304348 0.95304348
  0.93282609
 0.96       0.96       0.96173913 0.96173913 0.95804348 0.95804348
  0.93282609
 0.96434783 0.96434783 0.96391304 0.96391304 0.96217391 0.96217391
  0.93804348
 0.96304348 0.96304348 0.96195652 0.96173913 0.96021739 0.96
  0.93369565
 0.95521739 0.95521739 0.95782609 0.95782609 0.95369565 0.95369565
  0.9376087 
 0.9626087  0.9626087  0.96347826 0.96347826 0.96021739 0.96021739
  0.93804348
 0.95934783 0.95934783 0.96130435 0.96130435 0.95804348 0.95804348
  0.93543478
 0.95826087 0.95826087 0.95804348 0.95804348 0.95673913 0.95673913
  0.93630435
 0.95978261 0.95978261 0.96043478 0.96021739 0.95826087 0.95826087
  0.935     
 0.96217391 0.96217391 0.96282609 0.96282609 0.95956522 0.95978261
  0.93608696
 0.95717391 0.95717391 0.96       0.96       0.95543478 0.95543478
  0.93804348
 0.95630435 0.95630435 0.9576087  0.9576087  0.95456522 0.95456522
  0.935     