0.91472026 0.91472026 0.91906573 0.92015209 0.91852254 0.91797936
  0.90168387
 0.91526344 0.91526344 0.91906573 0.91906573 0.91743618 0.91743618
  0.90983161
 0.92178164 0.92178164 0.92721347 0.92775665 0.92667029 0.92667029
  0.90874525
 0.9071157  0.9071157  0.90928843 0.90928843 0.91200435 0.91146116
  0.90114068
 0.92069527 0.92069527 0.92775665 0.92775665 0.92721347 0.92721347
  0.90114068
 0.9038566  0.9038566  0.91634981 0.91689299 0.91580663 0.91526344
  0.89842477
 0.91091798 0.91091798 0.9103748  0.9103748  0.91254753 0.91146116
  0.91634981
 0.90765888 0.90765888 0.91526344 0.91472026 0.91634981 0.91580663
  0.90602933
 0.91309071 0.91309071 0.91472026 0.91417708 0.91363389 0.91363389
  0.91309071
 0.91689299 0.91689299 0.92178164 0.92286801 0.92286801 0.92232482
  0.89842477
 0.8973384  0.8973384  0.91254753 0.91363389 0.90928843 0.90928843
  0.89516567
 0.89353612 0.89353612 0.89951114 0.89951114 0.90168387 0.90222705
  0.88864747
 0.91200435 0.91200435 0.91580663 0.91580663 0.91472026 0.91472026
  0.90874525
 0.90874525 0.90874525 0.91580663 0.91634981 0.91526344 0.91580663
  0.89896795
 0.91254753 0.91254753 0.92123846 0.92123846 0.91960891 0.91906573
  0.90657251
 0.89842477 0.89842477 0.90168387 0.90222705 0.90222705 0.90277023
  0.90439978
 0.91146116 0.91146116 0.91960891 0.91852254 0.91852254 0.91852254
  0.9005975 
 0.91200435 0.91200435 0.91634981 0.91580663 0.91852254 0.91797936
  0.90277023
 0.90657251 0.90657251 0.91309071 0.91254753 0.90928843 0.90928843
  0.89570885
 0.92015209 0.92015209 0.91634981 0.91689299 0.91689299 0.91689299
  0.9103748 
 0.91797936 0.91797936 0.91797936 0.91743618 0.92232482 0.92232482
  0.90439978
 0.91146116 0.91146116 0.91363389 0.91363389 0.91526344 0.91526344
  0.9038566 
 0.89788159 0.89788159 0.90114068 0.90114068 0.90114068 0.90114068
  0.90439978
 0.91689299 0.91689299 0.91797936 0.91743618 0.91743618 0.91743618
  0.90548615
 0.9038566  0.9038566  0.92341119 0.92449756 0.91960891 0.92015209
  0.90168387
 0.90820206 0.90820206 0.91200435 0.91200435 0.91417708 0.91417708
  0.91472026
 0.9071157  0.9071157  0.91417708 0.91417708 0.91580663 0.91580663
  0.90222705
 0.91472026 0.91472026 0.91417708 0.91472026 0.91797936 0.91689299
  0.90874525
 0.91689299 0.91689299 0.92341119 0.92449756 0.92341119 0.92286801
  0.90928843
 0.90928843 0.90928843 0.9103748  0.9103748  0.90820206 0.90874525
  0.90277023
 0.9103748  0.9103748  0.91743618 0.91743618 0.91417708 0.91417708
  0.90439978
 0.91091798 0.91091798 0.92178164 0.92178164 0.91797936 0.91743618
  0.90005432
 0.90439978 0.90439978 0.9103748  0.9103748  0.91091798 0.91091798
  0.90494297
 0.91852254 0.91852254 0.91743618 0.91743618 0.91472026 0.91526344
  0.9103748 
 0.9103748  0.9103748  0.91146116 0.91091798 0.91254753 0.91254753
  0.89896795
 0.91689299 0.91689299 0.91580663 0.91580663 0.91689299 0.91689299
  0.90928843
 0.91797936 0.91797936 0.92015209 0.92015209 0.92178164 0.91906573
  0.91797936
 0.90928843 0.90928843 0.91091798 0.91146116 0.91200435 0.91200435
  0.90657251
 0.90548615 0.90548615 0.91200435 0.91146116 0.90983161 0.9103748
  0.89190657
 0.90983161 0.90983161 0.91200435 0.91200435 0.91363389 0.91363389
  0.90983161
 0.90928843 0.90928843 0.91091798 0.90983161 0.91146116 0.91146116
  0.9071157 
 0.90874525 0.90874525 0.91091798 0.91091798 0.9103748  0.9103748
  0.89353612
 0.91091798 0.91091798 0.91417708 0.91417708 0.9103748  0.91091798
  0.9071157 
 0.91797936 0.91797936 0.92449756 0.92504074 0.92504074 0.92449756
  0.90331342
 0.91363389 0.91363389 0.91960891 0.92015209 0.91797936 0.91797936
  0.90983161
 0.91254753 0.91254753 0.91580663 0.91580663 0.91526344 0.91526344
  0.90114068
 0.91906573 0.91906573 0.92286801 0.92286801 0.92123846 0.92123846
  0.90820206
 0.90928843 0.90928843 0.91580663 0.91580663 0.91200435 0.91146116
  0.90277023
 0.92286801 0.92286801 0.92449756 0.92504074 0.92721347 0.92884302
  0.90602933
 0.91797936 0.91797936 0.91146116 0.91146116 0.9103748  0.91091798
  0.91146116