0.86303891 0.86303891 0.86461619 0.86474763 0.86579916 0.86579916
  0.87276551
 0.86277603 0.86277603 0.86290747 0.86290747 0.86422187 0.86395899
  0.87210831
 0.87315983 0.87315983 0.87407992 0.87421136 0.87486856 0.87473712
  0.88025762
 0.86395899 0.86395899 0.86487907 0.86514196 0.86698212 0.86671924
  0.8701367 
 0.86619348 0.86619348 0.86698212 0.86698212 0.86777077 0.86790221
  0.87237119
 0.86225026 0.86225026 0.86369611 0.86343323 0.86409043 0.86422187
  0.86895373
 0.86461619 0.86461619 0.86461619 0.86435331 0.86501052 0.86487907
  0.87210831
 0.86317035 0.86317035 0.86750789 0.86724501 0.86514196 0.8652734
  0.87868034
 0.85962145 0.85962145 0.8623817  0.8623817  0.86251314 0.86264458
  0.86855941
 0.86409043 0.86409043 0.86579916 0.86553628 0.86382755 0.86409043
  0.87118822
 0.86816509 0.86816509 0.86671924 0.8665878  0.86685068 0.86685068
  0.8694795 
 0.86632492 0.86632492 0.86685068 0.86698212 0.86724501 0.86737645
  0.87315983
 0.85554679 0.85554679 0.85830705 0.85830705 0.85922713 0.85909569
  0.86619348
 0.86356467 0.86356467 0.86356467 0.86369611 0.86435331 0.86422187
  0.86987382
 0.86027865 0.86027865 0.86119874 0.8610673  0.86225026 0.86225026
  0.87197687
 0.86067298 0.86067298 0.86133018 0.86159306 0.86409043 0.86369611
  0.87118822
 0.86632492 0.86632492 0.86632492 0.86632492 0.86790221 0.86763933
  0.87381703
 0.86435331 0.86435331 0.86566772 0.86566772 0.86711356 0.86724501
  0.87276551
 0.86422187 0.86422187 0.86435331 0.86448475 0.86474763 0.86487907
  0.87118822
 0.86027865 0.86027865 0.86159306 0.8617245  0.86027865 0.86041009
  0.87039958
 0.86474763 0.86474763 0.86698212 0.86737645 0.86685068 0.86698212
  0.87329127
 0.86356467 0.86356467 0.86579916 0.8659306  0.86553628 0.86566772
  0.87131966
 0.85988433 0.85988433 0.86133018 0.86159306 0.86290747 0.86303891
  0.86908517
 0.86474763 0.86474763 0.86698212 0.86685068 0.86777077 0.86816509
  0.87237119
 0.86133018 0.86133018 0.86080442 0.86093586 0.86251314 0.86277603
  0.86908517
 0.87000526 0.87000526 0.87053102 0.87039958 0.87118822 0.87131966
  0.87578864
 0.86606204 0.86606204 0.86632492 0.8665878  0.86750789 0.86750789
  0.87053102
 0.8659306  0.8659306  0.86842797 0.86842797 0.86724501 0.86750789
  0.875     
 0.86264458 0.86264458 0.86369611 0.86382755 0.86606204 0.8659306
  0.87118822
 0.86540484 0.86540484 0.86685068 0.86698212 0.86816509 0.86803365
  0.87394848
 0.86277603 0.86277603 0.86448475 0.86461619 0.86632492 0.86632492
  0.87263407
 0.86159306 0.86159306 0.86146162 0.86159306 0.86225026 0.8623817
  0.87223975
 0.86737645 0.86737645 0.86895373 0.86895373 0.86869085 0.86895373
  0.87710305
 0.8652734  0.8652734  0.86750789 0.86724501 0.86763933 0.86763933
  0.87368559
 0.86671924 0.86671924 0.86816509 0.86816509 0.8701367  0.8701367
  0.87250263
 0.8623817  0.8623817  0.86185594 0.8617245  0.86290747 0.86303891
  0.86685068
 0.86461619 0.86461619 0.86698212 0.86698212 0.86737645 0.86750789
  0.87342271
 0.86961094 0.86961094 0.87039958 0.87053102 0.8707939  0.87105678
  0.87815457
 0.8617245  0.8617245  0.86133018 0.86133018 0.86251314 0.86264458
  0.86724501
 0.86842797 0.86842797 0.87053102 0.87039958 0.86961094 0.86974238
  0.87315983
 0.86277603 0.86277603 0.86501052 0.8652734  0.86395899 0.86422187
  0.87381703
 0.86146162 0.86146162 0.86566772 0.86579916 0.86514196 0.8652734
  0.87276551
 0.86014721 0.86014721 0.86290747 0.86303891 0.86330179 0.86317035
  0.87131966
 0.86395899 0.86395899 0.86579916 0.86579916 0.86803365 0.86816509
  0.87223975
 0.86540484 0.86540484 0.86606204 0.86606204 0.86698212 0.86724501
  0.86987382
 0.86606204 0.86606204 0.86750789 0.86737645 0.86763933 0.86777077
  0.86882229
 0.86435331 0.86435331 0.86803365 0.86803365 0.86645636 0.86645636
  0.87473712
 0.8617245  0.8617245  0.86435331 0.86448475 0.86474763 0.86474763
  0.87039958
 0.8617245  0.8617245  0.86264458 0.86277603 0.8652734  0.86501052
  0.87223975
 0.86514196 0.86514196 0.86579916 0.86579916 0.86816509 0.86803365
  0.87263407